# Black gold or what was it?

- cost_per_mj = 0.00252209440770556
- sustainable = 0.0
- mj_per_kg = 29.5
- co2_conversion_per_mj = 0.0926835
- infinite = 0.0
