- cost_per_mj = 0.020883156
- sustainable = 0.0
- infinite = 0.0
- mj_per_kg = 44.0041223
- kg_per_liter = 0.8325