- cost_per_mj = 0.0075325
- sustainable = 0.0
- infinite = 0.0
- co2_conversion_per_mj = 0.055279
- kg_per_liter = 0.000833