- cost_per_mj = 0.00252209440770556
- sustainable = 0.0
- infinite = 0.0
- co2_conversion_per_mj = 0.0926835
- mj_per_kg = 29.5