- sustainable = false
- infinite = false
- cost_per_mj = 0.020343639
- mj_per_kg = 46.60512112
- kg_per_liter = 0.7375
