- sustainable = 1.0
- infinite = false
- cost_per_mj = 0.0129395660238331
- mj_per_kg = 39.357
- co2_conversion_per_mj = 0.0
- potential_co2_conversion_per_mj = 0.0745666666666667
- typical_production_per_km2 = 15506658.0
- graphviz_color = green
