- sustainable = 1.0
- infinite = false
- cost_per_mj = 0.015480927335489421
- mj_per_kg = 39.357
- co2_conversion_per_mj = 0.0
- potential_co2_conversion_per_mj = 0.07456666666666667
- graphviz_color = green
