- sustainable = 1.0
- infinite = false
- cost_per_mj = 0.01679782273069216
- mj_per_kg = 27.500000000000004
- graphviz_color = green
