- sustainable = 1.0
- infinite = false
- cost_per_mj = 0.00386424360191666
- mj_per_kg = 5.43444
- typical_production_per_km2 = 7716904.8
- graphviz_color = green
