- sustainable = 0.0
- infinite = false
- cost_per_mj = 0.005069444444444444
- mj_per_kg = 37.96856106408706
- co2_conversion_per_mj = 0.0564
- kg_per_liter = 0.0008269999999999999
- graphviz_color = lightgrey
