- sustainable = 0.0
- infinite = false
- cost_per_mj = 0.00564444444444444
- mj_per_kg = 38.018007203
- co2_conversion_per_mj = 0.055279
- kg_per_liter = 0.000833
- graphviz_color = lightgrey
