- sustainable = 1.0
- infinite = false
- cost_per_mj = 0.006258700201093315
- mj_per_kg = 21.549999999999997
- graphviz_color = green
- typical_production_per_km2 = 1.0