- sustainable = 1.0
- infinite = false
- cost_per_mj = 0.008280522004107138
- mj_per_kg = 5.43444
- potential_co2_conversion_per_mj = 0.0546
- typical_production_per_km2 = 7716904.800000001
- graphviz_color = saddlebrown
