6.4302438459e-08
8.4082752503e-08
1.0907076920e-07
1.2899116753e-07
1.4688188507e-07
1.6181726613e-07
1.6817671644e-07
1.6782682719e-07
1.5282918421e-07
1.4021755821e-07
1.2778233766e-07
1.1732113705e-07
1.1216043374e-07
1.1228187879e-07
1.1612634592e-07
1.2396891141e-07
1.3361628906e-07
1.4140700112e-07
1.4529637688e-07
1.4030110200e-07
1.3270509927e-07
1.2169822513e-07
1.0828771289e-07
9.8690724585e-08
9.5820508044e-08
1.0762310859e-07
1.2549804517e-07
1.4204048578e-07
1.5883486086e-07
1.7343390167e-07
1.8006320918e-07
1.8010990925e-07
1.6474779600e-07
1.5111895515e-07
1.3693860349e-07
1.2414604226e-07
1.1677716689e-07
1.1523708693e-07
1.1809383904e-07
1.2537924857e-07
1.3481403371e-07
1.4243127352e-07
1.4615253308e-07
1.4081321148e-07
1.3267013048e-07
1.2089863490e-07
1.0631827800e-07
9.5113526758e-08
9.0092580786e-08
9.9139014789e-08
1.1404618422e-07
1.2745262796e-07
1.4104491587e-07
1.5280514059e-07
1.5720578148e-07
1.5641658237e-07
1.4216664886e-07
1.3149475317e-07
1.2161659329e-07
1.1326052028e-07
1.0892323762e-07
1.0816516562e-07
1.0947783429e-07
1.1386212072e-07
1.1959601453e-07
1.2342079314e-07
1.2404832602e-07
1.1650011456e-07
1.0660691537e-07
9.3376293502e-08
7.7806369341e-08
6.4781823531e-08
5.7644539907e-08
6.3651675943e-08
7.8206576199e-08
9.4060934319e-08
1.1000035702e-07
1.2464407895e-07
1.3199199175e-07
1.3363841443e-07
1.2187300944e-07
1.1401144094e-07
1.0713633320e-07
1.0186017124e-07
1.0020429184e-07
1.0129297559e-07
1.0323623065e-07
1.0684752402e-07
1.1120572037e-07
1.1374627691e-07
1.1339607644e-07
1.0568831036e-07
9.6424071007e-08
8.4380503161e-08
7.0217091961e-08
5.8428366168e-08
5.2126463788e-08
5.8561777894e-08
7.3644950063e-08
9.1076047850e-08
1.0840510670e-07
1.2431865772e-07
1.3261793960e-07
1.3449540117e-07
1.2220407940e-07
1.1339419540e-07
1.0509191849e-07
9.8128221387e-08
9.5001981108e-08
9.5233399615e-08
9.7456405393e-08
1.0318594627e-07
1.1111756623e-07
1.1845878715e-07
1.2259212564e-07
1.1863911411e-07
1.1230428854e-07
1.0285639829e-07
9.0890078174e-08
8.1589078758e-08
7.7961190989e-08
8.7096681268e-08
1.0248601990e-07
1.1585943901e-07
1.2942123549e-07
1.4149153143e-07
1.4637358137e-07
1.4590753646e-07
1.3275533077e-07
1.2383778295e-07
1.1650621868e-07
1.1123223964e-07
1.0986949520e-07
1.1142300883e-07
1.1453902989e-07
1.2049964288e-07
1.2822828398e-07
1.3432543967e-07
1.3670075070e-07
1.3012452313e-07
1.2033207137e-07
1.0627550439e-07
8.9111704921e-08
7.4349858363e-08
6.6025723817e-08
7.1587529814e-08
8.5816098206e-08
1.0010709705e-07
1.1478968408e-07
1.2805636415e-07
1.3393161243e-07
1.3448863475e-07
1.2186921609e-07
1.1337494237e-07
1.0610530373e-07
1.0055309597e-07
9.8785746701e-08
1.0010479296e-07
1.0301805279e-07
1.0848064075e-07
1.1544233547e-07
1.2089226476e-07
1.2344836746e-07
1.1801869444e-07
1.1030060531e-07
9.8812178129e-08
8.4265631304e-08
7.1909491661e-08
6.5955412828e-08
7.3683162548e-08
9.0248653204e-08
1.0711369055e-07
1.2442591008e-07
1.4008598808e-07
1.4780875088e-07
1.4933530412e-07
1.3673263557e-07
1.2745575041e-07
1.1906895200e-07
1.1279134959e-07
1.1106151368e-07
1.1263935368e-07
1.1553614586e-07
1.2062094524e-07
1.2682619056e-07
1.3120766132e-07
1.3246682360e-07
1.2550646008e-07
1.1616372258e-07
1.0342602018e-07
8.8173444451e-08
7.6065487644e-08
7.0819733767e-08
7.9429191600e-08
9.6596374782e-08
1.1270302373e-07
1.2908931499e-07
1.4369062453e-07
1.5039308010e-07
1.5113474103e-07
1.3782598012e-07
1.2779542403e-07
1.1831218958e-07
1.1034969958e-07
1.0665190782e-07
1.0680973821e-07
1.0930632383e-07
1.1466528330e-07
1.2117605616e-07
1.2560873636e-07
1.2617185959e-07
1.1799993122e-07
1.0718645114e-07
9.3036979762e-08
7.6551408789e-08
6.2693707070e-08
5.4690608252e-08
5.9809411724e-08
7.3580292623e-08
8.9284243587e-08
1.0507497655e-07
1.1966922059e-07
1.2705267478e-07
1.2873247978e-07
1.1698971111e-07
1.0934589564e-07
1.0275439449e-07
9.7761942599e-08
9.6496108391e-08
9.8020948400e-08
1.0064941232e-07
1.0499241590e-07
1.1006710876e-07
1.1325741590e-07
1.1338826650e-07
1.0595209227e-07
9.6669263332e-08
8.4294451062e-08
6.9594944818e-08
5.7184742745e-08
5.0143202899e-08
5.5819872691e-08
7.0141721656e-08
8.7133453494e-08
1.0377201978e-07
1.1899424227e-07
1.2678099794e-07
1.2868397316e-07
1.1722520025e-07
1.1006466621e-07
1.0412285858e-07
9.9660051201e-08
9.8592955548e-08
9.9858759386e-08
1.0175698023e-07
1.0556561077e-07
1.1062254352e-07
1.1439366838e-07
1.1548933416e-07
1.0901865228e-07
1.0057151590e-07
8.8958020688e-08
7.5014809056e-08
6.3457055854e-08
5.7457283075e-08
6.4035512766e-08
7.8566913620e-08
9.3613788139e-08
1.0813597545e-07
1.2092053421e-07
1.2608959635e-07
1.2535569164e-07
1.1105607758e-07
1.0067855816e-07
9.1238152568e-08
8.3399381522e-08
7.9525613499e-08
7.9015532734e-08
8.0102556932e-08
8.3458457773e-08
8.7918083052e-08
9.0721273355e-08
9.0899111915e-08
8.4169994529e-08
7.6064961129e-08
6.4955987195e-08
5.1335886590e-08
3.8859333658e-08
3.0008298716e-08
3.1991498733e-08
4.2743240432e-08
5.9179614479e-08
7.6702003616e-08
9.2743480253e-08
1.0117160974e-07
1.0230597926e-07
8.8078277770e-08
7.6260598753e-08
6.3886186504e-08
5.2383729795e-08
4.5563079094e-08
4.4448815283e-08
4.7714009113e-08
5.6226131929e-08
6.7551747090e-08
7.7848079282e-08
8.4351668927e-08
8.2343119921e-08
7.7097103218e-08
6.7643072540e-08
5.5035463918e-08
4.3512931883e-08
3.6120135949e-08
4.0764048787e-08
5.4305260971e-08
7.3328578920e-08
9.1319990126e-08
1.0738935435e-07
1.1473922625e-07
1.1390402569e-07
9.7268776397e-08
8.3222733649e-08
6.9046119669e-08
5.6908252679e-08
5.0101631694e-08
4.8506438971e-08
5.0658312935e-08
5.7463511563e-08
6.7339643766e-08
7.6343027798e-08
8.2300711471e-08
8.0258890354e-08
7.5897152610e-08
6.7761273657e-08
5.6841810489e-08
4.7348454101e-08
4.2058637898e-08
4.8590831189e-08
6.3615207330e-08
8.2551269375e-08
1.0061629108e-07
1.1688373066e-07
1.2459220956e-07
1.2438875270e-07
1.0834984389e-07
9.4216621949e-08
7.9424079593e-08
6.5969556244e-08
5.7904881887e-08
5.5867932765e-08
5.8655130832e-08
6.6873926844e-08
7.8126306797e-08
8.8078193207e-08
9.3983471405e-08
9.0591336224e-08
8.3755828662e-08
7.3217516022e-08
6.0344098144e-08
4.9416934525e-08
4.3369467095e-08
4.9492061211e-08
6.4148873225e-08
8.2517651853e-08
1.0005797155e-07
1.1573299052e-07
1.2305174153e-07
1.2251056172e-07
1.0591873805e-07
9.1130112211e-08
7.5505950016e-08
6.1395063305e-08
5.2724299531e-08
5.0155096479e-08
5.2634067170e-08
6.0683739029e-08
7.2046530497e-08
8.2267940943e-08
8.8653415413e-08
8.6156623646e-08
8.0334013015e-08
7.0481961868e-08
5.7499945188e-08
4.5690766556e-08
3.8267820293e-08
4.2798252836e-08
5.6064367176e-08
7.4269995384e-08
9.1662017853e-08
1.0725144300e-07
1.1433257723e-07
1.1341831467e-07
9.6659873083e-08
8.2073595303e-08
6.7195452420e-08
5.4402905681e-08
4.7099053692e-08
4.5504519162e-08
4.8238309962e-08
5.5486284684e-08
6.4930184570e-08
7.2002176871e-08
7.5196311020e-08
7.0279654904e-08
6.3307980927e-08
5.2972930357e-08
4.0033790077e-08
2.7942518800e-08
1.8619348509e-08
1.7848462605e-08
2.5621458964e-08
3.9766299197e-08
5.8119927902e-08
7.5621282574e-08
8.5506194398e-08
8.8673975393e-08
7.7318379851e-08
6.9843815785e-08
6.3781947924e-08
5.9600963246e-08
5.9219857449e-08
6.1607883028e-08
6.4757679958e-08
6.9598353009e-08
7.5137819767e-08
7.8861392423e-08
7.9986192703e-08
7.4346161461e-08
6.7574463365e-08
5.7967841543e-08
4.5905896659e-08
3.4911654094e-08
2.7231678754e-08
2.9632703839e-08
4.0612352349e-08
5.7037011752e-08
7.4779641510e-08
9.0322227211e-08
9.8333720745e-08
9.9759788103e-08
8.7139440923e-08
7.8866980738e-08
7.2042606986e-08
6.7163576908e-08
6.6123355676e-08
6.7663681974e-08
6.9923976335e-08
7.3780305015e-08
7.8617902976e-08
8.1610641523e-08
8.2090019141e-08
7.5847610227e-08
6.8474455553e-08
5.8305949060e-08
4.5767437656e-08
3.4454634269e-08
2.6698394348e-08
2.9140927429e-08
4.0514734124e-08
5.7722782747e-08
7.6768287422e-08
9.3652825867e-08
1.0277986661e-07
1.0482149218e-07
9.2101984186e-08
8.2918897291e-08
7.4431674199e-08
6.7150771347e-08
6.3677871840e-08
6.3628254499e-08
6.5628548377e-08
7.0596225044e-08
7.7139606859e-08
8.2297986834e-08
8.4661314489e-08
7.9555528220e-08
7.2540423789e-08
6.2499382775e-08
5.0470403774e-08
4.0450946240e-08
3.4714438870e-08
4.0230282932e-08
5.3722174452e-08
7.1622354184e-08
8.7404762550e-08
1.0121168088e-07
1.0716120665e-07
1.0642991880e-07
9.1872649329e-08
8.1565792436e-08
7.2543141680e-08
6.6115101115e-08
6.4493121700e-08
6.6632356253e-08
7.0091893538e-08
7.6284327662e-08
8.3430238932e-08
8.8555747837e-08
9.0729397945e-08
8.5557755798e-08
7.8329706210e-08
6.7609134756e-08
5.4177676664e-08
4.1847569483e-08
3.3227071820e-08
3.5799908409e-08
4.6625355174e-08
6.2455754943e-08
7.7709378550e-08
9.1562740527e-08
9.7840386497e-08
9.7248765265e-08
8.2312448613e-08
7.1021108083e-08
6.0255009066e-08
5.1056145190e-08
4.6018905128e-08
4.4427146549e-08
4.4448973180e-08
4.7789963131e-08
5.3033718253e-08
5.8009711003e-08
6.0759108767e-08
5.7032936905e-08
5.2746812084e-08
4.5718066804e-08
3.5822405813e-08
2.6144349724e-08
1.8614239250e-08
1.9273181239e-08
2.8311340064e-08
4.3426743975e-08
6.2361868233e-08
7.9302938312e-08
8.8074190032e-08
8.9261820575e-08
7.5309681145e-08
6.4441035572e-08
5.4035896430e-08
4.5494080454e-08
4.1725499908e-08
4.2611620574e-08
4.6639222302e-08
5.4413338610e-08
6.5202472821e-08
7.4887182074e-08
8.0639306993e-08
7.8152457212e-08
7.2870713114e-08
6.3268742399e-08
5.0268572391e-08
3.7901305817e-08
2.8865608087e-08
3.0352859491e-08
4.0579735788e-08
5.6508598198e-08
7.3819279999e-08
8.9450076325e-08
9.7332582503e-08
9.8270790380e-08
8.4293571658e-08
7.3632307390e-08
6.3277310318e-08
5.4171352915e-08
4.9742328752e-08
4.9157081466e-08
5.1439811587e-08
5.8317401084e-08
6.9074065740e-08
7.9669935188e-08
8.7432666125e-08
8.6464076044e-08
8.2166492026e-08
7.3437418350e-08
6.0907848949e-08
4.9547357792e-08
4.2119735780e-08
4.6506760306e-08
5.9204606588e-08
7.5730033388e-08
9.1525192473e-08
1.0602341339e-07
1.1276825833e-07
1.1270628444e-07
9.7857516908e-08
8.5543755764e-08
7.2660350900e-08
6.0542607579e-08
5.2348096855e-08
4.8810612222e-08
4.9529348098e-08
5.5940625776e-08
6.6573101820e-08
7.7022065084e-08
8.4558764587e-08
8.3663324525e-08
7.9575941084e-08
7.0679581729e-08
5.8207996111e-08
4.6261676698e-08
3.7989091657e-08
4.1482407127e-08
5.3432382439e-08
7.0098306349e-08
8.6038336923e-08
1.0076377218e-07
1.0818649433e-07
1.0945331660e-07
9.7189195391e-08
8.9470357736e-08
8.3165986632e-08
7.8812303772e-08
7.8277729705e-08
8.0536663273e-08
8.3737583480e-08
8.8735033896e-08
9.4537461276e-08
9.8609474710e-08
1.0013788592e-07
9.4489484096e-08
8.7283450751e-08
7.6918425661e-08
6.4198665849e-08
5.3599856838e-08
4.7936244609e-08
5.4669236099e-08
7.0012507623e-08
8.8296902432e-08
1.0588110607e-07
1.2153368506e-07
1.2881777316e-07
1.2866742311e-07
1.1312327475e-07
9.9936889720e-08
8.6684091620e-08
7.5166926742e-08
6.8629827876e-08
6.7438911822e-08
7.0612039894e-08
7.8927113626e-08
8.9666941847e-08
9.8788547640e-08
1.0400227972e-07
9.9880737217e-08
9.2198752558e-08
7.9686544084e-08
6.3651177508e-08
4.8792118218e-08
3.8483942439e-08
4.0626432603e-08
5.1786664926e-08
6.8183594188e-08
8.4165064343e-08
9.8959553472e-08
1.0615473238e-07
1.0665130659e-07
9.2908122104e-08
8.3050175092e-08
7.4149179713e-08
6.7193177024e-08
6.4747057885e-08
6.5886469529e-08
6.8738985119e-08
7.3701698720e-08
7.9486672760e-08
8.3411322381e-08
8.4503150207e-08
7.8307700001e-08
7.0692134149e-08
6.0153960167e-08
4.7148795320e-08
3.5082253759e-08
2.6334596255e-08
2.7708757564e-08
3.7929739999e-08
5.4089941564e-08
7.2522159078e-08
8.9292894315e-08
9.8723088476e-08
1.0147677617e-07
8.9648870499e-08
8.1544955738e-08
7.4367489657e-08
6.8609862740e-08
6.6491377328e-08
6.7298640414e-08
6.9307451540e-08
7.3665410512e-08
7.9587663382e-08
8.4362320983e-08
8.6378691273e-08
8.1142133875e-08
7.4125630973e-08
6.3653043911e-08
5.0462793743e-08
3.8338711525e-08
2.9824600384e-08
3.2066967005e-08
4.3077657523e-08
5.9684621470e-08
7.7309330598e-08
9.3210743321e-08
1.0176340809e-07
1.0362763887e-07
9.1188882671e-08
8.2524202472e-08
7.4671510790e-08
6.8241928249e-08
6.5632195522e-08
6.6201133622e-08
6.8343219767e-08
7.2760483057e-08
7.8280463525e-08
8.2095466263e-08
8.3109122754e-08
7.7082479597e-08
6.9785660252e-08
5.9656574438e-08
4.7102025927e-08
3.5551630332e-08
2.7334005274e-08
2.9508701624e-08
4.0708679865e-08
5.8064569506e-08
7.7506799206e-08
9.5293867425e-08
1.0524170461e-07
1.0736954622e-07
9.4003931697e-08
8.3692944473e-08
7.3993260602e-08
6.5688602165e-08
6.0918202219e-08
5.8941676430e-08
5.8870460582e-08
6.2260118453e-08
6.8843743612e-08
7.5256558890e-08
7.8699199698e-08
7.4773291653e-08
6.8765249816e-08
5.9338924731e-08
4.7246160961e-08
3.6296222401e-08
2.8670070856e-08
3.1402169593e-08
4.2701059135e-08
5.9470196899e-08
7.7330858298e-08
9.3411517036e-08
1.0225470321e-07
1.0433994124e-07
9.1885054733e-08
8.3138205391e-08
7.5258277854e-08
6.9164859097e-08
6.7174669918e-08
6.8438260359e-08
7.1248925594e-08
7.6400247004e-08
8.2918030956e-08
8.7925286278e-08
9.0253535444e-08
8.5374010963e-08
7.8974613738e-08
6.9540926908e-08
5.7666522955e-08
4.7105643966e-08
4.0869705927e-08
4.6462086333e-08
6.0534298411e-08
7.8689035159e-08
9.5857450968e-08
1.1095981244e-07
1.1795748418e-07
1.1789160545e-07
1.0359871250e-07
9.3485445730e-08
8.4995811190e-08
7.9621998139e-08
7.8703412944e-08
8.1004647692e-08
8.4008308321e-08
8.8441819432e-08
9.3462434751e-08
9.6302962555e-08
9.6197902150e-08
8.8936913495e-08
8.0128965209e-08
6.8254191927e-08
5.3956435895e-08
4.1018542867e-08
3.2100699230e-08
3.4669823187e-08
4.6380065800e-08
6.4131864775e-08
8.2711594375e-08
9.9974523482e-08
1.0927451553e-07
1.1113702755e-07
9.7955608500e-08
8.8114370082e-08
7.9096005970e-08
7.2174275566e-08
6.9713983854e-08
7.0778393400e-08
7.3367682548e-08
7.8303004451e-08
8.4560488196e-08
8.8873022999e-08
9.0279630777e-08
8.4367125924e-08
7.6837693906e-08
6.6066361780e-08
5.2771104201e-08
4.0592358006e-08
3.2232595111e-08
3.4828514260e-08
4.5734389253e-08
6.1663362869e-08
7.7259018345e-08
9.1196802229e-08
9.7732347856e-08
9.7905306509e-08
8.4259083011e-08
7.4932553942e-08
6.6911549337e-08
6.0852490434e-08
5.8776216294e-08
5.9410478161e-08
6.0792643573e-08
6.3861572491e-08
6.7633721762e-08
6.9622814732e-08
6.9408290404e-08
6.3026203797e-08
5.6251787834e-08
4.7311431608e-08
3.6314060209e-08
2.6126934906e-08
1.8480834268e-08
1.9262216520e-08
2.8669515821e-08
4.4460155953e-08
6.4401860708e-08
8.2663661010e-08
9.2451769398e-08
9.4058553755e-08
7.9130993332e-08
6.6036529180e-08
5.3165153454e-08
4.2615903157e-08
3.8347982571e-08
4.0205731841e-08
4.5668690145e-08
5.4810620838e-08
6.5361216594e-08
7.3912157585e-08
7.8940920607e-08
7.5820782911e-08
7.0303903547e-08
6.1391579276e-08
4.9357739254e-08
3.7968307430e-08
2.9645363101e-08
3.1780218643e-08
4.2332476952e-08
5.8385899722e-08
7.5338196307e-08
9.0923965680e-08
9.9051783420e-08
1.0011867501e-07
8.6001437636e-08
7.4441106643e-08
6.2429695781e-08
5.0958134160e-08
4.3140692682e-08
3.9464719298e-08
3.9441247982e-08
4.4241596365e-08
5.1958302222e-08
5.9177542811e-08
6.3912229301e-08
6.1437540193e-08
5.7373437900e-08
4.9767966891e-08
3.8879317424e-08
2.8049646626e-08
1.9350081430e-08
1.9027171308e-08
2.7086981098e-08
4.1112476325e-08
5.8948155056e-08
7.4867420096e-08
8.2986055178e-08
8.3538786091e-08
6.8421922568e-08
5.6154247115e-08
4.4687230296e-08
3.5666653678e-08
3.2017459088e-08
3.3244809461e-08
3.7358533367e-08
4.3869910808e-08
5.1748652772e-08
5.8218936921e-08
6.2321264828e-08
5.9490383616e-08
5.5471004533e-08
4.8222076126e-08
3.8425729594e-08
2.9589175857e-08
2.3855394222e-08
2.7697748269e-08
4.0660461538e-08
5.9723600109e-08
8.1353504783e-08
1.0014694025e-07
1.1045965234e-07
1.1218638569e-07
9.6972844081e-08
8.2990985604e-08
6.7675985501e-08
5.3016789005e-08
4.2765902146e-08
3.8555330282e-08
3.9900198733e-08
4.7270111520e-08
5.8405714894e-08
6.8418623478e-08
7.4525876872e-08
7.1993824360e-08
6.6250166104e-08
5.6112617402e-08
4.2121070197e-08
2.8857272356e-08
1.8306872104e-08
1.6289795623e-08
2.2887374888e-08
3.6267671214e-08
5.4124861970e-08
7.1895306436e-08
8.1531318015e-08
8.3627197823e-08
6.9708474174e-08
5.7875642781e-08
4.6471834127e-08
3.6990482125e-08
3.1890513770e-08
3.1152210028e-08
3.3753607775e-08
4.0554598770e-08
4.8543150845e-08
5.4447742424e-08
5.7562116731e-08
5.3514034603e-08
4.8474049650e-08
4.1060095444e-08
3.1203571550e-08
2.1262146301e-08
1.2642569717e-08
1.0616344118e-08
1.5770872926e-08
2.7470574680e-08
4.4472809404e-08
6.3488955693e-08
7.5218104242e-08
7.8911418287e-08
6.6704662991e-08
5.7133129480e-08
4.8413665263e-08
4.2028539065e-08
4.0186247588e-08
4.1841935841e-08
4.4731555481e-08
4.9277306926e-08
5.4410100195e-08
5.7978746979e-08
5.9790875455e-08
5.5755520482e-08
5.1692681472e-08
4.5025624641e-08
3.5519093635e-08
2.6144725670e-08
1.8611359309e-08
1.9298499945e-08
2.8469025986e-08
4.3829375775e-08
6.3064278259e-08
8.0174105110e-08
8.8382821825e-08
8.8177658475e-08
7.1675463546e-08
5.7650205038e-08
4.4920782559e-08
3.5515296034e-08
3.2544268982e-08
3.4854663377e-08
3.9300100903e-08
4.6677300652e-08
5.5206386011e-08
6.1516033642e-08
6.4882207264e-08
6.1052412638e-08
5.5870493998e-08
4.7830768596e-08
3.6818444721e-08
2.5409734922e-08
1.5095977126e-08
1.1776887707e-08
1.5483140912e-08
2.5220808725e-08
3.9605991826e-08
5.5595319363e-08
6.4972022063e-08
6.8500630918e-08
5.8055460383e-08
5.1124748639e-08
4.5034349984e-08
4.0237274861e-08
3.8523848421e-08
3.8824017188e-08
3.9683375479e-08
4.2434160265e-08
4.6672094594e-08
5.0083858070e-08
5.1479834230e-08
4.6830488750e-08
4.1983251671e-08
3.5292908185e-08
2.6671796450e-08
1.7973701918e-08
1.0079663060e-08
7.6564489812e-09
1.1473573823e-08
2.1147480200e-08
3.6539076511e-08
5.4960543536e-08
6.8599993474e-08
7.4937492661e-08
6.5780427711e-08
5.9548973630e-08
5.4084945736e-08
5.0554264471e-08
5.1706981475e-08
5.5321143649e-08
5.9517511094e-08
6.4033199914e-08
6.8417603458e-08
7.0812857299e-08
7.0759012350e-08
6.4316898722e-08
5.7582739274e-08
4.8542330988e-08
3.7331155845e-08
2.6927010353e-08
1.9128107497e-08
1.9981487029e-08
2.9661254978e-08
4.5791078637e-08
6.5980777031e-08
8.4028210487e-08
9.3261640620e-08
9.3757279694e-08
7.7323254679e-08
6.2786469898e-08
4.8750181991e-08
3.7594693676e-08
3.2738328979e-08
3.4212232676e-08
3.9716132889e-08
4.9655552745e-08
6.1792315122e-08
7.3387995093e-08
8.1415783356e-08
8.0645088380e-08
7.6425174267e-08
6.7632209066e-08
5.5161311675e-08
4.3411650405e-08
3.5370422448e-08
3.8491534266e-08
4.9650979743e-08
6.5448612769e-08
8.0183526228e-08
9.3463619440e-08
9.8479828449e-08
9.5803786135e-08
7.7424907388e-08
6.2017361404e-08
4.7545758358e-08
3.6607945215e-08
3.2430456268e-08
3.3833579746e-08
3.8921240300e-08
4.7966821752e-08
5.9025632837e-08
6.8127327720e-08
7.3724628154e-08
7.1146677212e-08
6.6270162843e-08
5.7998431990e-08
4.7151809289e-08
3.7378701000e-08
3.1260737103e-08
3.5670684862e-08
4.8236585831e-08
6.5857153624e-08
8.2919641314e-08
9.8282658538e-08
1.0564622133e-07
1.0550922451e-07
9.0005717100e-08
7.7255966297e-08
6.4699047304e-08
5.3981178035e-08
4.7805796007e-08
4.6343152669e-08
4.8265899194e-08
5.4274544679e-08
6.2545032992e-08
6.9524961681e-08
7.3480406417e-08
6.9798526696e-08
6.4221167191e-08
5.5262926225e-08
4.3507144632e-08
3.2344002251e-08
2.3958153842e-08
2.4927354442e-08
3.4295032792e-08
4.9196037941e-08
6.6383854625e-08
8.1460167647e-08
8.8968952147e-08
8.9553684097e-08
7.5201902985e-08
6.4308939457e-08
5.4106865887e-08
4.5238548901e-08
4.0426042253e-08
3.8708561715e-08
3.9702405378e-08
4.3299172466e-08
4.9338385972e-08
5.4320565864e-08
5.6717064203e-08
5.2464432838e-08
4.7417982840e-08
3.9950067261e-08
3.0284800150e-08
2.0540895800e-08
1.1753228734e-08
8.9952268068e-09
1.2648202201e-08
2.2011067022e-08
3.6352836476e-08
5.2702279576e-08
6.2832036801e-08
6.5591176343e-08
5.3260507381e-08
4.3863936259e-08
3.5156439659e-08
2.8502732401e-08
2.7208292672e-08
2.9680653558e-08
3.4730223137e-08
4.3186031577e-08
5.3967695209e-08
6.2793965004e-08
6.7561101228e-08
6.4226964120e-08
5.8859008093e-08
5.0259792829e-08
3.9006829961e-08
2.8407258180e-08
2.0336354017e-08
2.1131894486e-08
3.0763990593e-08
4.6636081263e-08
6.6255890734e-08
8.3269091643e-08
9.1617005082e-08
9.1535616532e-08
7.5108887444e-08
6.1632235189e-08
5.0050939336e-08
4.2409152768e-08
4.1243351173e-08
4.4385764376e-08
4.8500626266e-08
5.4027257288e-08
5.9838943246e-08
6.3691720072e-08
6.4756541471e-08
5.9041215763e-08
5.2601562035e-08
4.3944552657e-08
3.3115866827e-08
2.2337612888e-08
1.3269776801e-08
1.1010206877e-08
1.5989285551e-08
2.7507484909e-08
4.4037963866e-08
6.2050123220e-08
7.2028848428e-08
7.3582162417e-08
5.8878685594e-08
4.6520545700e-08
3.5417109747e-08
2.7698019693e-08
2.5905840591e-08
2.8044587353e-08
3.2001859674e-08
3.8088438593e-08
4.5181783696e-08
5.0806806164e-08
5.3786276840e-08
4.9912339986e-08
4.5406967020e-08
3.8500559063e-08
2.9272150893e-08
1.9748607791e-08
1.1042133424e-08
8.0266071681e-09
1.1219151901e-08
2.0031106439e-08
3.4093057734e-08
5.0572705546e-08
6.1941142221e-08
6.6057401276e-08
5.5381251984e-08
4.8026964280e-08
4.1414017458e-08
3.6423734360e-08
3.4964878959e-08
3.5661687402e-08
3.7295306064e-08
4.1335473583e-08
4.7111720027e-08
5.2184682646e-08
5.5208102848e-08
5.1681514865e-08
4.7515218297e-08
4.0867726842e-08
3.1634869526e-08
2.2170132936e-08
1.4003000467e-08
1.2582113424e-08
1.8315417631e-08
3.0164239778e-08
4.6385926869e-08
6.3467787430e-08
7.2542017003e-08
7.4644905361e-08
6.1559202254e-08
5.1368389763e-08
4.1863338731e-08
3.3983370679e-08
2.9901055004e-08
2.9346133588e-08
3.0454149910e-08
3.4802323088e-08
4.1143410881e-08
4.6446285660e-08
4.9510084873e-08
4.6074689183e-08
4.2072228361e-08
3.5924302827e-08
2.7526453167e-08
1.8737705870e-08
1.0711998297e-08
8.4382518769e-09
1.2641225733e-08
2.2895046566e-08
3.8749894272e-08
5.6899525003e-08
6.9022768105e-08
7.2056589355e-08
5.8296910049e-08
4.6183269453e-08
3.3928897297e-08
2.3700657486e-08
1.8992800814e-08
1.8692816887e-08
2.1723884445e-08
2.7768955632e-08
3.5255871442e-08
4.1851394967e-08
4.5331633894e-08
4.2288239772e-08
3.8706118152e-08
3.2932770912e-08
2.5062299132e-08
1.6977587928e-08
9.2974114409e-09
6.1487021438e-09
8.1221825127e-09
1.4809300866e-08
2.6190202612e-08
4.0736199052e-08
5.1643201856e-08
5.8142945105e-08
5.0329262856e-08
4.4974475983e-08
3.9042122813e-08
3.4486013121e-08
3.3542263788e-08
3.5652151360e-08
3.8689605914e-08
4.3479794959e-08
4.9186407488e-08
5.3635526693e-08
5.5809239247e-08
5.1454842334e-08
4.6202283495e-08
3.8734269092e-08
2.8993329119e-08
1.9073250231e-08
1.0333703069e-08
6.4214747032e-09
7.7531900479e-09
1.3822010674e-08
2.4350451922e-08
3.7730865030e-08
4.7382569304e-08
5.1936863797e-08
4.2397863780e-08
3.3320258894e-08
2.3981904203e-08
1.6003686148e-08
1.3652617856e-08
1.6771226729e-08
2.2674866801e-08
3.0765728071e-08
3.9674120019e-08
4.5930760843e-08
4.9250443852e-08
4.5866938197e-08
4.1592795077e-08
3.5135136152e-08
2.6690021102e-08
1.8051514491e-08
1.0128315147e-08
7.7551364548e-09
1.1617019223e-08
2.1234650552e-08
3.6363213614e-08
5.4173796691e-08
6.6753333652e-08
7.1523954238e-08
6.0700380493e-08
5.2619513172e-08
4.5249138433e-08
3.9733994943e-08
3.8212872288e-08
3.9959877515e-08
4.2713872302e-08
4.7943671406e-08
5.4749005801e-08
5.9516194856e-08
6.2464567411e-08
5.8746860308e-08
5.3948840081e-08
4.6382392086e-08
3.5874433673e-08
2.5480249779e-08
1.7207984108e-08
1.7051086414e-08
2.5373809089e-08
4.0405193430e-08
5.9900416482e-08
7.8595512719e-08
8.8338002479e-08
8.9217637011e-08
7.3716492268e-08
6.0728477756e-08
4.8734236210e-08
3.8834607401e-08
3.4034136297e-08
3.3699743824e-08
3.6192892008e-08
4.1781373157e-08
4.9363630631e-08
5.5699915357e-08
5.9447792489e-08
5.6101380623e-08
5.1371090587e-08
4.3724804803e-08
3.3350921400e-08
2.3091760849e-08
1.4575828197e-08
1.3264462431e-08
1.9555525142e-08
3.2318459958e-08
4.9448033291e-08
6.6782992435e-08
7.4768727188e-08
7.3923799721e-08
5.6128704384e-08
4.0038006451e-08
2.5014339667e-08
1.3229711529e-08
7.5252046709e-09
6.1344379505e-09
7.8680516099e-09
1.3188600706e-08
2.1236636431e-08
2.9501989062e-08
3.6648895326e-08
3.7531501238e-08
3.6642039628e-08
3.2686586281e-08
2.5649450129e-08
1.7760416914e-08
1.0722837160e-08
9.6738271514e-09
1.5518671633e-08
2.7834730510e-08
4.5449689231e-08
6.4412114261e-08
7.5007825379e-08
7.4797397329e-08
5.6451496084e-08
3.9293034591e-08
2.3142221173e-08
1.0918560250e-08
5.4631657161e-09
5.2830896561e-09
8.0507693796e-09
1.4337369588e-08
2.3139287759e-08
3.1337090750e-08
3.7635701213e-08
3.6526140497e-08
3.3915746231e-08
2.8805459122e-08
2.1617770087e-08
1.4413230183e-08
7.8571051579e-09
5.1395458452e-09
6.7993951569e-09
1.2389491990e-08
2.1795698987e-08
3.3668419650e-08
4.2140987305e-08
4.6413019358e-08
3.8650194039e-08
3.2694644061e-08
2.7460929872e-08
2.4207642486e-08
2.5340235461e-08
2.9960297798e-08
3.4930131340e-08
4.1221526166e-08
4.8204721873e-08
5.3449787129e-08
5.6719597110e-08
5.3781819358e-08
4.9826511820e-08
4.2913264820e-08
3.2952567116e-08
2.2821028478e-08
1.4296033227e-08
1.3054933862e-08
1.9690519108e-08
3.3310688626e-08
5.1720819302e-08
7.0971744195e-08
8.0274348921e-08
8.0098722333e-08
6.2301403083e-08
4.5532072336e-08
2.9338188498e-08
1.6323290916e-08
1.0360414069e-08
1.1460534152e-08
1.7128625704e-08
2.7583153771e-08
4.0686786179e-08
5.1941355268e-08
5.9061212087e-08
5.8089065545e-08
5.4699993837e-08
4.7629578235e-08
3.7293282537e-08
2.7088144512e-08
1.9257508669e-08
2.0058362813e-08
2.9703801198e-08
4.5745860779e-08
6.5319826447e-08
8.2019814388e-08
8.8789044188e-08
8.6205398328e-08
6.6932727817e-08
5.0505645224e-08
3.6448009128e-08
2.5662513463e-08
2.0106748560e-08
1.8563558490e-08
2.0057665692e-08
2.5421819446e-08
3.3407215538e-08
4.0863416523e-08
4.6030172297e-08
4.4362236299e-08
4.1459465163e-08
3.5852031402e-08
2.7629113872e-08
1.9173926459e-08
1.2023628062e-08
1.1072213246e-08
1.6933016124e-08
2.8835568622e-08
4.4914821754e-08
6.2142966135e-08
7.0811358873e-08
7.2422127772e-08
5.9062101560e-08
4.8628870923e-08
3.8527151575e-08
2.9402206523e-08
2.3017080363e-08
1.9950110307e-08
1.9077485027e-08
2.2831487182e-08
3.1055928060e-08
3.9965944668e-08
4.7126784908e-08
4.7230567428e-08
4.5632086000e-08
4.0558474130e-08
3.1983561584e-08
2.2356872379e-08
1.3436690986e-08
1.1060758723e-08
1.5729621904e-08
2.6844527551e-08
4.3069653373e-08
6.1044584065e-08
7.1237130376e-08
7.3100814796e-08
5.8314857448e-08
4.4650694894e-08
3.0586527373e-08
1.7962127650e-08
1.0847625432e-08
9.2257338765e-09
1.1783495501e-08
1.9309542618e-08
3.0622778266e-08
4.2241966110e-08
5.1836947685e-08
5.3622053595e-08
5.2779136265e-08
4.7757766013e-08
3.8984929663e-08
3.0293594907e-08
2.3687833894e-08
2.5534163756e-08
3.4609480466e-08
4.8317379514e-08
6.2897254593e-08
7.5883695420e-08
8.1048022749e-08
7.8342570240e-08
5.9800956122e-08
4.3732586523e-08
2.8218754018e-08
1.5239892743e-08
7.9310701974e-09
6.2303161506e-09
7.5856074945e-09
1.2736296014e-08
2.0796203854e-08
2.8958856066e-08
3.5984458158e-08
3.6881369446e-08
3.6103142083e-08
3.2065332995e-08
2.4926554384e-08
1.7114529510e-08
1.0140557296e-08
8.8953611785e-09
1.4315879967e-08
2.5905956801e-08
4.2765675950e-08
6.1390046529e-08
7.2652070857e-08
7.4265244412e-08
5.8796607907e-08
4.5322804869e-08
3.2737985334e-08
2.3077484089e-08
1.8743055415e-08
1.8579407392e-08
2.0444600860e-08
2.5773280644e-08
3.3731338938e-08
4.1085742739e-08
4.6988079056e-08
4.6562177302e-08
4.4744587862e-08
3.9705326580e-08
3.1372598714e-08
2.2470817863e-08
1.4926212598e-08
1.4321380464e-08
2.1114365443e-08
3.3916330369e-08
5.0767985174e-08
6.7416910552e-08
7.5524158471e-08
7.5592454977e-08
5.9193056576e-08
4.4418720576e-08
2.9551227253e-08
1.6698604986e-08
8.3040190252e-09
4.7952840224e-09
3.7658756021e-09
6.0663846113e-09
1.1318585703e-08
1.8935688215e-08
2.7417625212e-08
3.4344118735e-08
3.7383287163e-08
3.5931986635e-08
3.0068949458e-08
2.2446227880e-08
1.5676886619e-08
1.6335398859e-08
2.4514240620e-08
3.8346851842e-08
5.5575317800e-08
7.0667859884e-08
7.6270525913e-08
7.2549500248e-08
5.1806634327e-08
3.3961244612e-08
1.8761835189e-08
7.9784977752e-09
3.0647879987e-09
1.3801510905e-09
4.7077187169e-10
1.2054436301e-09
3.7861468977e-09
8.9747699155e-09
1.6915141426e-08
2.6387549899e-08
3.4781819396e-08
3.8728896826e-08
3.5366500508e-08
2.8610028887e-08
2.1778681285e-08
2.3065274010e-08
3.2467106187e-08
4.7771505696e-08
6.6069525736e-08
8.2522215615e-08
9.1412498708e-08
9.3100811980e-08
7.9347024766e-08
6.8140880409e-08
5.6684444269e-08
4.5347492033e-08
3.6698481484e-08
3.0839728931e-08
2.8004221223e-08
3.0875092714e-08
3.9255132979e-08
4.8839848328e-08
5.7116677683e-08
5.8177687603e-08
5.6559814057e-08
5.0447638067e-08
4.0392133809e-08
3.0053156677e-08
2.1865478700e-08
2.2653848854e-08
3.2120992999e-08
4.7553329921e-08
6.6253165617e-08
8.2609630460e-08
9.0996138401e-08
9.1701502917e-08
7.6420641934e-08
6.3216670001e-08
4.9555087027e-08
3.5947016097e-08
2.5152810335e-08
1.7938634977e-08
1.3939015894e-08
1.5800198567e-08
2.2145796938e-08
3.0234972735e-08
3.8205186385e-08
4.0535621462e-08
4.0673036467e-08
3.7054636669e-08
2.9666474760e-08
2.0867776205e-08
1.2818347921e-08
1.1184341728e-08
1.6470319110e-08
2.7920839392e-08
4.3585489045e-08
5.9834276330e-08
6.6640601030e-08
6.4616392103e-08
4.5894069502e-08
2.9912987338e-08
1.6187916602e-08
6.7018894524e-09
2.6780260587e-09
2.2736280428e-09
3.6818280156e-09
7.8124181801e-09
1.4464920735e-08
2.3111014786e-08
3.1944036867e-08
3.7928010232e-08
3.9159352546e-08
3.6096994023e-08
2.8946118266e-08
1.9997043498e-08
1.1623987197e-08
9.5667188798e-09
1.3950125787e-08
2.4284791811e-08
3.9550076852e-08
5.6771894393e-08
6.7420939853e-08
7.0820088356e-08
5.9368707234e-08
5.1286494981e-08
4.4239233379e-08
3.9143625533e-08
3.7626198519e-08
3.8656976410e-08
4.0413804605e-08
4.3864775690e-08
4.8500412994e-08
5.2033789660e-08
5.3662264920e-08
4.9530807774e-08
4.5092043133e-08
3.8590177839e-08
2.9722578034e-08
2.0347497672e-08
1.1504436904e-08
8.4927684524e-09
1.1741036321e-08
2.0612228587e-08
3.4534946750e-08
5.0507961193e-08
6.0787000336e-08
6.3592399907e-08
5.1786220508e-08
4.3765763979e-08
3.7687846185e-08
3.3920806059e-08
3.4069626078e-08
3.5798251563e-08
3.7725192900e-08
4.1180308164e-08
4.5783990297e-08
4.9121891148e-08
5.0349200063e-08
4.5584455361e-08
4.0915459077e-08
3.4613347873e-08
2.6433982706e-08
1.7960114766e-08
1.0286517984e-08
8.0418803001e-09
1.1873971628e-08
2.1251030651e-08
3.5613656662e-08
5.1984851989e-08
6.2499112775e-08
6.5218131959e-08
5.2963203699e-08
4.4149241959e-08
3.6565680635e-08
3.1585006372e-08
3.0808712240e-08
3.2984439709e-08
3.5809261881e-08
4.0292933025e-08
4.5913725536e-08
4.9989854077e-08
5.1844774042e-08
4.7532137541e-08
4.2782160663e-08
3.6100852809e-08
2.7392086368e-08
1.8481085703e-08
1.0205797084e-08
7.2199860814e-09
1.0236806769e-08
1.8671687082e-08
3.2094036383e-08
4.8031974260e-08
5.8228513572e-08
6.0647524585e-08
4.5662603397e-08
3.2572216536e-08
2.0179585792e-08
1.0258407578e-08
5.2454911008e-09
5.0655634945e-09
7.4885016076e-09
1.3635760898e-08
2.3168059029e-08
3.3784995260e-08
4.3769929161e-08
4.7714062629e-08
4.8466616278e-08
4.4513882792e-08
3.6059544823e-08
2.6377767734e-08
1.7964098810e-08
1.7410194570e-08
2.4704505945e-08
3.7776663319e-08
5.4603777319e-08
6.9966787437e-08
7.7458932610e-08
7.7796315925e-08
6.3123404668e-08
5.2338612114e-08
4.3479852098e-08
3.7582687417e-08
3.6876446567e-08
4.0155852393e-08
4.5067815531e-08
5.2034190318e-08
5.9599469204e-08
6.5332899779e-08
6.8269213988e-08
6.4318106394e-08
5.8325377348e-08
4.9288227219e-08
3.7175862395e-08
2.5038554564e-08
1.4709561412e-08
1.1733369206e-08
1.6259148321e-08
2.7447566470e-08
4.3727829180e-08
6.1871123917e-08
7.2461400434e-08
7.5729564435e-08
6.3523236366e-08
5.3709293197e-08
4.4154547718e-08
3.6437153182e-08
3.3763825583e-08
3.5812806346e-08
4.0564564623e-08
4.8931181646e-08
5.8716181203e-08
6.6719483922e-08
7.1386104590e-08
6.8139604946e-08
6.2943905929e-08
5.4268606737e-08
4.2601958482e-08
3.1515601257e-08
2.3193880673e-08
2.4305515485e-08
3.4260909714e-08
5.0108807098e-08
6.8575251768e-08
8.4110041098e-08
9.0954382665e-08
8.9752359855e-08
7.3090540974e-08
6.0619630561e-08
5.1021036786e-08
4.5036343318e-08
4.4005270763e-08
4.5828338080e-08
4.8670010553e-08
5.3304523420e-08
5.8789701880e-08
6.2843205419e-08
6.4875379303e-08
6.0637548759e-08
5.5278323314e-08
4.7170673716e-08
3.6531677952e-08
2.6412894760e-08
1.8645180206e-08
1.9236124698e-08
2.8222066460e-08
4.2982190876e-08
6.1039610692e-08
7.6365451055e-08
8.2764259034e-08
8.0924762572e-08
6.3349851073e-08
4.9218597161e-08
3.7346622137e-08
2.7949219690e-08
2.3977925819e-08
2.4182858204e-08
2.8210441910e-08
3.6736663480e-08
4.8460200006e-08
5.9014800637e-08
6.6402863882e-08
6.6219421280e-08
6.3643984324e-08
5.7391106996e-08
4.8651669377e-08
4.1004183437e-08
3.7018558247e-08
4.4044048769e-08
5.9028993118e-08
7.7679484457e-08
9.4066272434e-08
1.0703653638e-07
1.0975674884e-07
1.0307202950e-07
7.9720442406e-08
5.9478962392e-08
4.0734269698e-08
2.5110936655e-08
1.5854227520e-08
1.3035181459e-08
1.4967903201e-08
2.2637976232e-08
3.4461449935e-08
4.6528025247e-08
5.6171297553e-08
5.7426659364e-08
5.5425228414e-08
4.8717767589e-08
3.8164025773e-08
2.7224880489e-08
1.8085101512e-08
1.7072692013e-08
2.4186191818e-08
3.7442133768e-08
5.4842967276e-08
7.1541544239e-08
8.0668323432e-08
8.3195041875e-08
7.1417768555e-08
6.3564422041e-08
5.7354513791e-08
5.2490206294e-08
5.0943743878e-08
5.1330021167e-08
5.2163185413e-08
5.4858848722e-08
5.8891045752e-08
6.1868871932e-08
6.3486942055e-08
5.9331897254e-08
5.4560819934e-08
4.7047361922e-08
3.6640152617e-08
2.5920374533e-08
1.7036889630e-08
1.5910450587e-08
2.2714303532e-08
3.5769205130e-08
5.3080097500e-08
7.0116806781e-08
7.9413915046e-08
8.1903011033e-08
6.9776067561e-08
6.1444807182e-08
5.4646504687e-08
4.9547043143e-08
4.8095382435e-08
4.8964381194e-08
5.0577039039e-08
5.4080624108e-08
5.9076703066e-08
6.3333731539e-08
6.5208707837e-08
6.0729850038e-08
5.5466355493e-08
4.7405406507e-08
3.6534690206e-08
2.5738929347e-08
1.6693789212e-08
1.5374076669e-08
2.1953515829e-08
3.4831536698e-08
5.1869929096e-08
6.8498047923e-08
7.6534032980e-08
7.6622976352e-08
6.0804157515e-08
4.7868358296e-08
3.6243398084e-08
2.7773252557e-08
2.4061592711e-08
2.4795605570e-08
2.7464261434e-08
3.3198162068e-08
4.1078205684e-08
4.8478867309e-08
5.4257108331e-08
5.3718771868e-08
5.1953944766e-08
4.6172544613e-08
3.6769106040e-08
2.6512298740e-08
1.7551138340e-08
1.6278745667e-08
2.2755717938e-08
3.4954329142e-08
5.0847074379e-08
6.5446142988e-08
7.1973545258e-08
7.1018938008e-08
5.4907692163e-08
4.2691093065e-08
3.2255982129e-08
2.4202360135e-08
2.0247039598e-08
1.9218539962e-08
2.0245782551e-08
2.4114449512e-08
3.0198848794e-08
3.6149123693e-08
4.0532317442e-08
3.8913111140e-08
3.6564656288e-08
3.1509343508e-08
2.4033333251e-08
1.6205519101e-08
8.9237155972e-09
6.4231213851e-09
9.6085974686e-09
1.7785404612e-08
3.0375528099e-08
4.4953879153e-08
5.3333816614e-08
5.3938727823e-08
3.7234913274e-08
2.3513184103e-08
1.2001997672e-08
4.3398321954e-09
1.2666485551e-09
7.1268193908e-10
4.4253419659e-10
1.4519511428e-09
3.7497152153e-09
7.7955679201e-09
1.3462671553e-08
1.9232389980e-08
2.3676294165e-08
2.3838120242e-08
2.0338332334e-08
1.4617176945e-08
8.4445406200e-09
7.3961180946e-09
1.2312576814e-08
2.2809202625e-08
3.8560610707e-08
5.6268940342e-08
6.7706856767e-08
6.9903375119e-08
5.5739212038e-08
4.3949131830e-08
3.2619787489e-08
2.3746602424e-08
1.9858556172e-08
1.9835177525e-08
2.1917304022e-08
2.8320633301e-08
3.7337762872e-08
4.6866176215e-08
5.4201028303e-08
5.4032544981e-08
5.1752123828e-08
4.5413845482e-08
3.5686888238e-08
2.5727655189e-08
1.7589495975e-08
1.7297880846e-08
2.4870898496e-08
3.7955803655e-08
5.4211197850e-08
6.8242134587e-08
7.3193909247e-08
6.9947914384e-08
5.0974665337e-08
3.6305368302e-08
2.3643829478e-08
1.4273065342e-08
1.0156853478e-08
1.1744893951e-08
1.6080161825e-08
2.3940050054e-08
3.4182173160e-08
4.4562840489e-08
5.2279569118e-08
5.1765181593e-08
4.9185228083e-08
4.2803704549e-08
3.3056017809e-08
2.3219039639e-08
1.5189815700e-08
1.4462312735e-08
2.1348908792e-08
3.4105497542e-08
5.0179196698e-08
6.4872816869e-08
6.9114538064e-08
6.4239006050e-08
4.3383218102e-08
2.6919492157e-08
1.4121019996e-08
5.4311542692e-09
1.9132443702e-09
1.2219718224e-09
1.4512578731e-09
3.9394082045e-09
8.9107578110e-09
1.6883852359e-08
2.6931283914e-08
3.6581249249e-08
4.2390073359e-08
4.2046208306e-08
3.6614104034e-08
2.9391706327e-08
2.3714057352e-08
2.7449570166e-08
3.9568841241e-08
5.6715152610e-08
7.4404560625e-08
8.7084679369e-08
8.8414925855e-08
7.9085523041e-08
5.3026251712e-08
3.1927178303e-08
1.5896383857e-08
5.9272488060e-09
1.8140045995e-09
8.6629329445e-10
2.1103764015e-10
5.2866719242e-10
2.2267835224e-09
6.1373551562e-09
1.2444295584e-08
2.0627746187e-08
2.8447615966e-08
3.3520787167e-08
3.1924020210e-08
2.7204790884e-08
2.2621299135e-08
2.6159785455e-08
3.7558554287e-08
5.3891021484e-08
7.0764128533e-08
8.2429256633e-08
8.2820392887e-08
7.3062553472e-08
4.7464842847e-08
2.7776772599e-08
1.3524170518e-08
4.6998794816e-09
1.3391458494e-09
7.5017740560e-10
1.6377751761e-10
4.5764279006e-11
4.8104609570e-10
2.3152764284e-09
5.7739719132e-09
1.0676635404e-08
1.6663145912e-08
2.1727645293e-08
2.4480829637e-08
2.3499248478e-08
2.2296265886e-08
2.8425836551e-08
4.0738456717e-08
5.6941563689e-08
7.2881952798e-08
8.4712450708e-08
8.6840586216e-08
8.0507947488e-08
5.9121844208e-08
4.2086370760e-08
2.7207378541e-08
1.5598150096e-08
9.5044566779e-09
8.4176518446e-09
1.0220410273e-08
1.6254410741e-08
2.5504899240e-08
3.5202826635e-08
4.3629852550e-08
4.5873150341e-08
4.6525029234e-08
4.2431395076e-08
3.3855729990e-08
2.3199676692e-08
1.3019249132e-08
8.9554242110e-09
1.1491827075e-08
1.9842573597e-08
3.3292734841e-08
4.8654384349e-08
5.7934501854e-08
5.8945952647e-08
4.4495754544e-08
3.3315592843e-08
2.3797909196e-08
1.6916419478e-08
1.4928440161e-08
1.6695459574e-08
1.9000802341e-08
2.4081591523e-08
3.2894846640e-08
4.2271354609e-08
5.0611092398e-08
5.1960797156e-08
5.1091823890e-08
4.5504676453e-08
3.5987185074e-08
2.6029685491e-08
1.7927563692e-08
1.7910429580e-08
2.6123421494e-08
4.0263409444e-08
5.7906557319e-08
7.3290864867e-08
7.9015644544e-08
7.5862640663e-08
5.6645385803e-08
4.0886953382e-08
2.7175204879e-08
1.7174648533e-08
1.3624070203e-08
1.5574596547e-08
1.9740963834e-08
2.8193496829e-08
3.8988422984e-08
4.8836734561e-08
5.6976039711e-08
5.8379257068e-08
5.6652004118e-08
5.0205574128e-08
3.9514124110e-08
2.7968853861e-08
1.7859351536e-08
1.5587945954e-08
2.0968555018e-08
3.2069281817e-08
4.7084531436e-08
6.1735955685e-08
6.9422311463e-08
7.1192979773e-08
5.8937827576e-08
5.0833714105e-08
4.4246874313e-08
3.9380069456e-08
3.7980723842e-08
3.8892816652e-08
4.0131271638e-08
4.2831072692e-08
4.6277760254e-08
4.8183458902e-08
4.8538647028e-08
4.3624285581e-08
3.9272472473e-08
3.3465035554e-08
2.6035103219e-08
1.9079579514e-08
1.3527507048e-08
1.4628626705e-08
2.2894144711e-08
3.6510135867e-08
5.3128373673e-08
6.7781407226e-08
7.2283106557e-08
6.7642263553e-08
4.7089151781e-08
3.0668419528e-08
1.7227865601e-08
7.8746578707e-09
3.5270026648e-09
3.0591958070e-09
4.5741025570e-09
9.3493509577e-09
1.7494933687e-08
2.8386459290e-08
4.0213130399e-08
4.8917855513e-08
5.2753492602e-08
5.1002685889e-08
4.4874759054e-08
3.8302733276e-08
3.5001472432e-08
4.2661210868e-08
5.7805392305e-08
7.6119320917e-08
9.0457260448e-08
9.9513427279e-08
9.6813798027e-08
8.4178933818e-08
5.6524157387e-08
3.5207943992e-08
1.8521567605e-08
7.4633858555e-09
2.7855688791e-09
1.6802992413e-09
2.1222914636e-09
5.3722489243e-09
1.1650330652e-08
2.1447193822e-08
3.3342997338e-08
4.4535831883e-08
5.0565536494e-08
5.0179699206e-08
4.3895493000e-08
3.6035035704e-08
3.0482661741e-08
3.5536761220e-08
4.8539932143e-08
6.5710823585e-08
8.0571762474e-08
9.0148824492e-08
8.8037979863e-08
7.5918401462e-08
4.9213944586e-08
2.9045867004e-08
1.4091839327e-08
5.0388753812e-09
1.5268934924e-09
7.8657942307e-10
1.6895106405e-10
5.2502944475e-10
2.2239655982e-09
5.9589702845e-09
1.1870409681e-08
1.9460424491e-08
2.6474913030e-08
3.0628680534e-08
2.7951921512e-08
2.2070392793e-08
1.5958620038e-08
1.6434785103e-08
2.4202454227e-08
3.7498042076e-08
5.3612748515e-08
6.7052109869e-08
7.0675834716e-08
6.5239550784e-08
4.3832496783e-08
2.6937408869e-08
1.3605054988e-08
5.0881074605e-09
1.6348031650e-09
8.2858658221e-10
1.7054509583e-10
6.7286860735e-11
3.4048680442e-10
1.7480206708e-09
4.5323383666e-09
8.5207402028e-09
1.3458975410e-08
1.7879774056e-08
2.0419416912e-08
2.0408871170e-08
1.9818768456e-08
2.6303673672e-08
3.8957320846e-08
5.5080032760e-08
7.0612720736e-08
8.0717922666e-08
7.9570786818e-08
6.9059143002e-08
4.3737861640e-08
2.5349189257e-08
1.2133048673e-08
4.0562791670e-09
1.1446355737e-09
7.0043142667e-10
1.2815428985e-10
3.7327697862e-11
3.8284236023e-10
1.8765044832e-09
4.7220667558e-09
8.7657052869e-09
1.3717930360e-08
1.7709698669e-08
1.9023991105e-08
1.6298057934e-08
1.2071079117e-08
1.3150501585e-08
1.9953173910e-08
3.1768570118e-08
4.6864027853e-08
6.0946537403e-08
6.6509842584e-08
6.5002310019e-08
4.9241952177e-08
3.8611503447e-08
3.0555687288e-08
2.5482056726e-08
2.2576317240e-08
2.1399611960e-08
2.1436479181e-08
2.4612613628e-08
3.1814459078e-08
4.1074823228e-08
4.9856152185e-08
5.1630228164e-08
5.1084069426e-08
4.5882203024e-08
3.6475216975e-08
2.6495392094e-08
1.8060412990e-08
1.7639825357e-08
2.5221055141e-08
3.8502200138e-08
5.5026379629e-08
6.9140667644e-08
7.3612881986e-08
6.9602392863e-08
4.9975278688e-08
3.4804928219e-08
2.2399229770e-08
1.4369330720e-08
1.3277535130e-08
1.6573455701e-08
2.2605020802e-08
3.1033659953e-08
4.1406791166e-08
5.0930492728e-08
5.7458529493e-08
5.7143582641e-08
5.4549794469e-08
4.8292508570e-08
3.9564041455e-08
3.1815919058e-08
2.7635867597e-08
3.3251450884e-08
4.6659902906e-08
6.3862609369e-08
7.8902330560e-08
8.8215362168e-08
8.5873528203e-08
7.3995269429e-08
4.7667042275e-08
2.8384585727e-08
1.4309704828e-08
5.3147899034e-09
2.5744699990e-09
4.2615239890e-09
8.2869175977e-09
1.5883718432e-08
2.6660354281e-08
3.7774340580e-08
4.7389049763e-08
4.9283903888e-08
4.7949448487e-08
4.2379438668e-08
3.2933808713e-08
2.2779816467e-08
1.4039803545e-08
1.2238387534e-08
1.7648892385e-08
2.9268193144e-08
4.4852134107e-08
6.0645577640e-08
6.6686967418e-08
6.4273042269e-08
4.5733282712e-08
3.0285370774e-08
1.7559038299e-08
1.0025890562e-08
9.7823018400e-09
1.5164221938e-08
2.3171748907e-08
3.3544705311e-08
4.3343246836e-08
5.0871904981e-08
5.5713005748e-08
5.4163879755e-08
5.1438332941e-08
4.5280286765e-08
3.5767468742e-08
2.5833460042e-08
1.7536319272e-08
1.7103249880e-08
2.4626101862e-08
3.7982916667e-08
5.4728273433e-08
6.9381179395e-08
7.4620463000e-08
7.1338818402e-08
5.2021098377e-08
3.6308719451e-08
2.2473355390e-08
1.2237177102e-08
7.2909435735e-09
6.3305108518e-09
8.5869421274e-09
1.4893347623e-08
2.4812371967e-08
3.6057463565e-08
4.6833304995e-08
5.1025188709e-08
5.2077151926e-08
4.7822369754e-08
3.9060564562e-08
2.9433200648e-08
2.1635623683e-08
2.2446972503e-08
3.1347042048e-08
4.5562773668e-08
6.2390646063e-08
7.6604713238e-08
8.3051264688e-08
8.2082238208e-08
6.6014735269e-08
5.3269013841e-08
4.1928039189e-08
3.2860499922e-08
2.9235934453e-08
2.8881027384e-08
3.0121051227e-08
3.3322266241e-08
3.8476961055e-08
4.4630378097e-08
5.0295416701e-08
5.0421320504e-08
4.9571352348e-08
4.4611566292e-08
3.6231821553e-08
2.8020050787e-08
2.2185468087e-08
2.5056355919e-08
3.5936370166e-08
5.1431302338e-08
6.7425973210e-08
7.8643747412e-08
7.9156751755e-08
6.9937136786e-08
4.5462918713e-08
2.6783988905e-08
1.3051355398e-08
4.5642839779e-09
1.3290892926e-09
7.3342464069e-10
1.5521236531e-10
2.5352361093e-10
1.2918710114e-09
4.1453775034e-09
9.0368823377e-09
1.5626779884e-08
2.2689240779e-08
2.7955414322e-08
2.8814706822e-08
2.5938943675e-08
2.2829312283e-08
2.7312815897e-08
3.8507238834e-08
5.3869685935e-08
6.9334829424e-08
8.1116784305e-08
8.3910979309e-08
7.9727232766e-08
6.2293936240e-08
5.0980303782e-08
4.3401410684e-08
3.7068410226e-08
3.3426459614e-08
3.1221994148e-08
2.9271237298e-08
3.0631143425e-08
3.5572415732e-08
4.2072614608e-08
4.9268126240e-08
5.1521062315e-08
5.1846120828e-08
4.7340556807e-08
3.7912792049e-08
2.7007956006e-08
1.7671472324e-08
1.6292216688e-08
2.3084408285e-08
3.6346684307e-08
5.3625297044e-08
7.0262745749e-08
7.7799446271e-08
7.7564750873e-08
6.2044272292e-08
5.0238552838e-08
4.0163737964e-08
3.2870236814e-08
3.0595686316e-08
3.2486406481e-08
3.6020815940e-08
4.0814544828e-08
4.7674706394e-08
5.4198133067e-08
5.9823713380e-08
5.9011750442e-08
5.7130606594e-08
5.1043654169e-08
4.1039572272e-08
3.0919469809e-08
2.3256667116e-08
2.4984618548e-08
3.5534903432e-08
5.1391666267e-08
6.8666978498e-08
8.0617912979e-08
8.1380099937e-08
7.2322391665e-08
4.7895629813e-08
2.9198858109e-08
1.4963332544e-08
6.1903714602e-09
4.0407535736e-09
6.6563481317e-09
1.1894770439e-08
2.0948400340e-08
3.2672021929e-08
4.4288140305e-08
5.3571284154e-08
5.6108710178e-08
5.6484205900e-08
5.2354670137e-08
4.4766348701e-08
3.7786899406e-08
3.4277931618e-08
4.1574946429e-08
5.6503295176e-08
7.4664812901e-08
8.8214268577e-08
9.5677347980e-08
9.0923796462e-08
7.6625953385e-08
4.8715982181e-08
2.8318149356e-08
1.3551388367e-08
4.7338289513e-09
1.4084458891e-09
7.6258978872e-10
5.8242262774e-10
2.1351797264e-09
5.7528845756e-09
1.2185070331e-08
2.1302213420e-08
3.0837061460e-08
3.8391014266e-08
3.9299812639e-08
3.4323190260e-08
2.6753765555e-08
1.9892050826e-08
2.1596781680e-08
3.1668552938e-08
4.6769176309e-08
6.3994862709e-08
7.6261095007e-08
7.8179807264e-08
7.1727837074e-08
5.1399236073e-08
3.7792960831e-08
2.7668829521e-08
2.0380135937e-08
1.8386671850e-08
1.9525672970e-08
2.2441083491e-08
2.9546384839e-08
3.9724873559e-08
5.0403598498e-08
5.8269908244e-08
5.8863191046e-08
5.7934339223e-08
5.3180771057e-08
4.5678325614e-08
3.9091605590e-08
3.5906370649e-08
4.3126120012e-08
5.7345410555e-08
7.3877388614e-08
8.5906308338e-08
9.2340301879e-08
8.7234222705e-08
7.3074752137e-08
4.5844899912e-08
2.6521130534e-08
1.2564029825e-08
4.2626190999e-09
1.2577152927e-09
7.2099957564e-10
1.3123524469e-10
2.5187872928e-10
1.3136061322e-09
4.1751163025e-09
9.0341908347e-09
1.5559352593e-08
2.2504200590e-08
2.7314984040e-08
2.7011695264e-08
2.1937429586e-08
1.5799060120e-08
1.5972725965e-08
2.2659447289e-08
3.4381653203e-08
4.8659253499e-08
6.0274214264e-08
6.1895186440e-08
5.5470232391e-08
3.5027323774e-08
2.0506851141e-08
1.0264754927e-08
3.4368540075e-09
1.0883053237e-09
7.5747534271e-10
1.3164968880e-10
5.3127067520e-11
4.6657226434e-10
1.7991532395e-09
4.2297722296e-09
7.6097202468e-09
1.1557041475e-08
1.4527457805e-08
1.5020847458e-08
1.1925744212e-08
7.6107371510e-09
7.4113646274e-09
1.2131896818e-08
2.1776388751e-08
3.5636978789e-08
5.0339991790e-08
5.7846789604e-08
5.6747051643e-08
4.0745256151e-08
2.8930601510e-08
1.9605716771e-08
1.3882447372e-08
1.2137117899e-08
1.2876162309e-08
1.3936947401e-08
1.8608684875e-08
2.6209200233e-08
3.4229530381e-08
4.1204340581e-08
4.1254394478e-08
3.9872883920e-08
3.5261566590e-08
2.7494324444e-08
1.9020644624e-08
1.1413048806e-08
9.6023007124e-09
1.4076215830e-08
2.3905499296e-08
3.7678950658e-08
5.2038675826e-08
5.8121947721e-08
5.5948657991e-08
3.8782476996e-08
2.5491932377e-08
1.4266321575e-08
5.8551542997e-09
2.4625580463e-09
1.7580610354e-09
1.9925544414e-09
4.3109350990e-09
8.4557308423e-09
1.4233584678e-08
2.0785953199e-08
2.6065784202e-08
2.8472862396e-08
2.7140859789e-08
2.2286336305e-08
1.5542002323e-08
8.4514559673e-09
5.8378910660e-09
8.1134476941e-09
1.4864309683e-08
2.5873530526e-08
3.9443160707e-08
4.8473409261e-08
5.2045827182e-08
4.0375127262e-08
3.0948614828e-08
2.1427076247e-08
1.3380803196e-08
8.2165607081e-09
5.6259230018e-09
4.2647818771e-09
5.4984022242e-09
8.9886740453e-09
1.4284079052e-08
2.0457294559e-08
2.5196279904e-08
2.7817992260e-08
2.6840005334e-08
2.2237601097e-08
1.5653346622e-08
8.7043402190e-09
6.4374804621e-09
9.4389581523e-09
1.7306071216e-08
2.9842282579e-08
4.4908570715e-08
5.5116680350e-08
5.9018201650e-08
4.7728290617e-08
3.9009446711e-08
3.0365441872e-08
2.2573021108e-08
1.7735631096e-08
1.5173032055e-08
1.3595414227e-08
1.5422491616e-08
2.0256591954e-08
2.6345013303e-08
3.2362085255e-08
3.3715831241e-08
3.3283869977e-08
2.9841236301e-08
2.3423656527e-08
1.6009197603e-08
8.7631132604e-09
5.9207805494e-09
8.1063624098e-09
1.4933630678e-08
2.6333847033e-08
4.0781352778e-08
5.1405815233e-08
5.7388990406e-08
4.9111999799e-08
4.3280034631e-08
3.7780660482e-08
3.3493571590e-08
3.2823156175e-08
3.4472236740e-08
3.6497986576e-08
4.0141765042e-08
4.5007060334e-08
4.8908690621e-08
5.1226381476e-08
4.7689396744e-08
4.3833936674e-08
3.7671383399e-08
2.9003560829e-08
1.9996593551e-08
1.2071485337e-08
1.0422797738e-08
1.5516610903e-08
2.6473239158e-08
4.1733221448e-08
5.7504246308e-08
6.4460500680e-08
6.2115035045e-08
4.4103389423e-08
2.9338900271e-08
1.6544628496e-08
7.0152522370e-09
2.8803175535e-09
1.3957044845e-09
5.0440899605e-10
1.2603598346e-09
3.6084292943e-09
8.0608769597e-09
1.4726151034e-08
2.2278901839e-08
2.8779143171e-08
3.1045017129e-08
2.8034162797e-08
2.2644212834e-08
1.7617063524e-08
1.9847917103e-08
2.9268047704e-08
4.2702207044e-08
5.7084124920e-08
6.5867754944e-08
6.4263235606e-08
5.4900544907e-08
3.2749317953e-08
1.8010979663e-08
8.2075890742e-09
2.2718706678e-09
5.1221190678e-10
5.0952699181e-10
5.9772771017e-11
1.6850577915e-12
0.0000000000e+00
0.0000000000e+00
0.0000000000e+00
0.0000000000e+00
0.0000000000e+00
0.0000000000e+00
1.9750321117e-12
2.6245543383e-10
1.3314817808e-09
5.1195951972e-09
1.2913983455e-08
2.4107259740e-08
3.7290796793e-08
4.9774104058e-08
5.3070233555e-08
4.8101530834e-08
2.9574856851e-08
1.6748179455e-08
7.6756490491e-09
2.1124033687e-09
4.6827612251e-10
4.8867346326e-10
5.8436615022e-11
1.6635033851e-12
0.0000000000e+00
0.0000000000e+00
0.0000000000e+00
0.0000000000e+00
0.0000000000e+00
0.0000000000e+00
0.0000000000e+00
0.0000000000e+00
7.6604440383e-12
1.0073483910e-09
3.7153153586e-09
7.8404644732e-09
1.3348323737e-08
1.9511150966e-08
2.2272741041e-08
2.1797793511e-08
1.2972961979e-08
7.6221418181e-09
3.5506158117e-09
8.4264884421e-10
1.4171821471e-10
2.6428531932e-10
1.1490666057e-11
0.0000000000e+00
0.0000000000e+00
0.0000000000e+00
0.0000000000e+00
0.0000000000e+00
0.0000000000e+00
0.0000000000e+00
0.0000000000e+00
0.0000000000e+00
0.0000000000e+00
0.0000000000e+00
0.0000000000e+00
0.0000000000e+00
0.0000000000e+00
0.0000000000e+00
0.0000000000e+00
0.0000000000e+00
0.0000000000e+00
0.0000000000e+00
0.0000000000e+00
1.3121642786e-12
1.7335018093e-10
7.4268432168e-10
1.8655204587e-09
3.8084053770e-09
6.7950605643e-09
1.0415609726e-08
1.4285413196e-08
1.6775629476e-08
1.8362304821e-08
1.8098733428e-08
1.5248094969e-08
1.0930006756e-08
6.1093527084e-09
4.2670240906e-09
5.8503064544e-09
1.0550783299e-08
1.8054495452e-08
2.6940354510e-08
3.1963084879e-08
3.2650085090e-08
2.2270312487e-08
1.4412655907e-08
7.7971948957e-09
3.6717145679e-09
2.7972382945e-09
3.9160885814e-09
5.1682848478e-09
7.2517375473e-09
9.7953240351e-09
1.3242229149e-08
1.7317646827e-08
1.9596261085e-08
2.1991114707e-08
2.1664905930e-08
1.8058931653e-08
1.2928890741e-08
7.2177729357e-09
5.2715655652e-09
8.2800069527e-09
1.6097924327e-08
2.8887463300e-08
4.5351603488e-08
5.8406115039e-08
6.6871168104e-08
6.0304454755e-08
5.5605023768e-08
5.0800279203e-08
4.6767074544e-08
4.5974399511e-08
4.7034525582e-08
4.8349712013e-08
5.0806831424e-08
5.4243203873e-08
5.6994673867e-08
5.9472111250e-08
5.7610949842e-08
5.6118557459e-08
5.1209707919e-08
4.2693586177e-08
3.3850421675e-08
2.7165075984e-08
2.9952187248e-08
4.0570404512e-08
5.5109746316e-08
6.8604922996e-08
7.6649378803e-08
7.4095556505e-08
6.4102156064e-08
4.1036784877e-08
2.4841138363e-08
1.2900665990e-08
4.8642946409e-09
2.2327056711e-09
2.8752706005e-09
4.9007108495e-09
9.7500685103e-09
1.7387573709e-08
2.6602109135e-08
3.6651585291e-08
4.2948919974e-08
4.7276642692e-08
4.6232768882e-08
3.9705208115e-08
3.1303587015e-08
2.4072662728e-08
2.5680999823e-08
3.5006159144e-08
4.8776475239e-08
6.3165718626e-08
7.3429993863e-08
7.4553889905e-08
6.9223709322e-08
5.1888561758e-08
4.1807020637e-08
3.5389166412e-08
3.1419792598e-08
3.1058632080e-08
3.1464526554e-08
3.2256338539e-08
3.5244458492e-08
4.0092406293e-08
4.3682966382e-08
4.6908349908e-08
4.5767042018e-08
4.3919259841e-08
3.8974090511e-08
3.0681900130e-08
2.1327957665e-08
1.2594269121e-08
1.0109832234e-08
1.4238615935e-08
2.4158791859e-08
3.8357511673e-08
5.3256818924e-08
5.9969752976e-08
5.8156307282e-08
4.0455081960e-08
2.6192946799e-08
1.3498721573e-08
6.0250541110e-09
4.2577721519e-09
6.5537837260e-09
1.0839068557e-08
1.7150398446e-08
2.4722197949e-08
3.0555322364e-08
3.6009984678e-08
3.6574517725e-08
3.7007228871e-08
3.3892040418e-08
2.7019335362e-08
1.8885929461e-08
1.1408274600e-08
9.5748208664e-09
1.4151063262e-08
2.4064982044e-08
3.7550792041e-08
5.1302832055e-08
5.6360067668e-08
5.3052072709e-08
3.4651255555e-08
2.0656889238e-08
1.0020709025e-08
3.3049035089e-09
8.9410523391e-10
6.0033565442e-10
1.0647541195e-10
2.7304132896e-11
1.7813062077e-12
9.6183586445e-11
3.5474554696e-10
7.4862281921e-10
1.2745239497e-09
1.8629626971e-09
2.1266446965e-09
2.0812957812e-09
1.2492372233e-09
2.1164906070e-09
5.5788689781e-09
1.1339876048e-08
1.9398748738e-08
2.8642172508e-08
3.3275756323e-08
3.3088897030e-08
2.0983613307e-08
1.2580773795e-08
6.2300494779e-09
1.8424056994e-09
1.0446403167e-09
2.9666712365e-09
6.1288566862e-09
1.1637866531e-08
1.9202016464e-08
2.6543561924e-08
3.2559625244e-08
3.2722622628e-08
3.1323790301e-08
2.7522928113e-08
2.1276422509e-08
1.4555070002e-08
8.0970201327e-09
5.9408619156e-09
8.4471147265e-09
1.4688954925e-08
2.4223200095e-08
3.4881447312e-08
3.9721014577e-08
3.8559682938e-08
2.4129240275e-08
1.5121652949e-08
8.0729094483e-09
2.6768757608e-09
1.0021051056e-09
7.7745936683e-10
1.0402432251e-10
2.3326436734e-10
1.2187569765e-09
3.5920975720e-09
7.6213682184e-09
1.2980814038e-08
1.8499011258e-08
2.2301837731e-08
2.1491276194e-08
1.6891671144e-08
1.0722607639e-08
9.3835784132e-09
1.3133378527e-08
2.1370756425e-08
3.2611650253e-08
4.3567698103e-08
4.6191300610e-08
4.1680033813e-08
2.4585347418e-08
1.3922632807e-08
6.1905558084e-09
1.4960534042e-09
3.1830135171e-10
4.4317974056e-10
1.9116878403e-11
0.0000000000e+00
0.0000000000e+00
0.0000000000e+00
0.0000000000e+00
0.0000000000e+00
0.0000000000e+00
0.0000000000e+00
0.0000000000e+00
0.0000000000e+00
6.0671511186e-12
7.9967937866e-10
3.1874541711e-09
7.3373625285e-09
1.3555110358e-08
2.1615415617e-08
2.8475799114e-08
3.3443784820e-08
3.1718019586e-08
3.0525482812e-08
2.8892081834e-08
2.6873636371e-08
2.5671183865e-08
2.5369164335e-08
2.5476352114e-08
2.6706572681e-08
2.9898711285e-08
3.2614849663e-08
3.5966984412e-08
3.5222362883e-08
3.5554667197e-08
3.3589900909e-08
2.8105220462e-08
2.1424242607e-08
1.5288990677e-08
1.5583393598e-08
2.2473254890e-08
3.3696488560e-08
4.6782067552e-08
5.6634143280e-08
5.6817943945e-08
4.9717448164e-08
2.9897078871e-08
1.6971425097e-08
7.7729492918e-09
2.2212312650e-09
5.6597379507e-10
5.1164922911e-10
4.5916878856e-11
1.1746175756e-11
4.7287815076e-13
0.0000000000e+00
0.0000000000e+00
0.0000000000e+00
0.0000000000e+00
0.0000000000e+00
0.0000000000e+00
0.0000000000e+00
2.3788485899e-12
3.1281858957e-10
1.1537415661e-09
2.4347515318e-09
4.1451436679e-09
6.0589273585e-09
6.9165022751e-09
6.7690136626e-09
4.0285800870e-09
2.3669543470e-09
1.1025963214e-09
2.6167334489e-10
4.4008698913e-11
8.2070276352e-11
3.5682728849e-12
0.0000000000e+00
0.0000000000e+00
0.0000000000e+00
0.0000000000e+00
0.0000000000e+00
0.0000000000e+00
0.0000000000e+00
0.0000000000e+00
0.0000000000e+00
0.0000000000e+00
0.0000000000e+00
0.0000000000e+00
0.0000000000e+00
0.0000000000e+00
0.0000000000e+00
0.0000000000e+00
0.0000000000e+00
0.0000000000e+00
0.0000000000e+00
0.0000000000e+00
0.0000000000e+00
0.0000000000e+00
0.0000000000e+00
0.0000000000e+00
0.0000000000e+00
0.0000000000e+00
0.0000000000e+00
0.0000000000e+00
0.0000000000e+00
0.0000000000e+00
0.0000000000e+00
0.0000000000e+00
0.0000000000e+00
0.0000000000e+00
0.0000000000e+00
0.0000000000e+00
0.0000000000e+00
0.0000000000e+00
0.0000000000e+00
0.0000000000e+00
0.0000000000e+00
0.0000000000e+00
0.0000000000e+00
0.0000000000e+00
0.0000000000e+00
0.0000000000e+00
0.0000000000e+00
0.0000000000e+00
0.0000000000e+00
0.0000000000e+00
0.0000000000e+00
0.0000000000e+00
0.0000000000e+00
0.0000000000e+00
0.0000000000e+00
0.0000000000e+00
0.0000000000e+00
0.0000000000e+00
7.9352812768e-13
1.0481313252e-10
4.4590130302e-10
1.0373051500e-09
1.8578148148e-09
2.8299562987e-09
3.4894590032e-09
3.6075984956e-09
2.6646747010e-09
1.5756556416e-09
8.2966310309e-10
3.0243725502e-10
6.5740481166e-11
3.5964119495e-11
1.7204631035e-11
6.9627560188e-13
0.0000000000e+00
0.0000000000e+00
0.0000000000e+00
0.0000000000e+00
0.0000000000e+00
0.0000000000e+00
0.0000000000e+00
0.0000000000e+00
0.0000000000e+00
0.0000000000e+00
0.0000000000e+00
0.0000000000e+00
0.0000000000e+00
0.0000000000e+00
0.0000000000e+00
0.0000000000e+00
0.0000000000e+00
0.0000000000e+00
0.0000000000e+00
0.0000000000e+00
0.0000000000e+00
0.0000000000e+00
3.2469800559e-13
4.5217069581e-11
4.8876409553e-10
1.5541801043e-09
3.1442712447e-09
5.2168544378e-09
7.3606703144e-09
8.2487401437e-09
7.7184925668e-09
4.5995152553e-09
3.9788761747e-09
6.3144576213e-09
1.1662160071e-08
2.0326035376e-08
3.0918565718e-08
3.7544221011e-08
3.9480627890e-08
2.9049563136e-08
2.0116143540e-08
1.1567364219e-08
4.9631022533e-09
2.0625934412e-09
1.6267831207e-09
2.4842831349e-09
5.4995012217e-09
1.0590788592e-08
1.7594257857e-08
2.5217255800e-08
3.1127387447e-08
3.3269258758e-08
3.1409200876e-08
2.5661365092e-08
1.7817979701e-08
9.6773242577e-09
6.4886046667e-09
8.3527092973e-09
1.4705671954e-08
2.5319977033e-08
3.8507398657e-08
4.7044272815e-08
5.0369341342e-08
3.8753365786e-08
3.0105684236e-08
2.1165641957e-08
1.3028981034e-08
8.7765003657e-09
9.3699268930e-09
1.2604963089e-08
1.9500182311e-08
2.8644401066e-08
3.6348642400e-08
4.1222153584e-08
3.9460749552e-08
3.7081119011e-08
3.2456798887e-08
2.5218135919e-08
1.7585254224e-08
1.0741421587e-08
9.2005635189e-09
1.3360007051e-08
2.2083704593e-08
3.3639799304e-08
4.5063314001e-08
4.7922456657e-08
4.3885097942e-08
2.6657209269e-08
1.5306393399e-08
7.1540670897e-09
1.9842623941e-09
4.8737081308e-10
5.1527402164e-10
5.1606365452e-11
3.0003480952e-12
8.2161139277e-12
4.8117638600e-10
1.7708258485e-09
3.7352393437e-09
6.3574529893e-09
9.2900541570e-09
1.0713760976e-08
1.1111932646e-08
8.6132930983e-09
1.0813378008e-08
1.8183311798e-08
2.9995825673e-08
4.5102636047e-08
5.9758926282e-08
6.5160985630e-08
6.2204473454e-08
4.3678265740e-08
2.8398909481e-08
1.5842445605e-08
6.5984793014e-09
2.5795889986e-09
1.2743485956e-09
2.8120428489e-10
7.9903085549e-11
1.0796437066e-10
6.2263748603e-10
1.9336580180e-09
3.8863856120e-09
6.4212884446e-09
9.0065045054e-09
1.0064101148e-08
9.7579640247e-09
7.4154009693e-09
9.2684042759e-09
1.5557523081e-08
2.5575807674e-08
3.7536194939e-08
4.8508026708e-08
4.9282517479e-08
4.3590173613e-08
2.5664656850e-08
1.4279273404e-08
6.3256135418e-09
1.6113776575e-09
3.3664961985e-10
4.4255617379e-10
2.3941661757e-11
2.1613631985e-13
0.0000000000e+00
0.0000000000e+00
0.0000000000e+00
0.0000000000e+00
0.0000000000e+00
0.0000000000e+00
0.0000000000e+00
6.9540922274e-13
1.0541551555e-10
2.1756998350e-09
7.6811715702e-09
1.6256303462e-08
2.7738199653e-08
4.0415931813e-08
4.6766454566e-08
4.5821792397e-08
2.9237308658e-08
1.7394957316e-08
8.4207742063e-09
2.4691440208e-09
5.5448241471e-10
5.3631973928e-10
7.6260372325e-11
1.0378077098e-11
1.1216603139e-12
1.0082282070e-10
3.7185603070e-10
7.8473123180e-10
1.3359982134e-09
1.9528191963e-09
2.2292194006e-09
2.1816831657e-09
1.3103779670e-09
2.3361946695e-09
6.4229752711e-09
1.3540178265e-08
2.3913454059e-08
3.6397826493e-08
4.4412709664e-08
4.7037308432e-08
3.5299918703e-08
2.5693670569e-08
1.6450600996e-08
8.9170895490e-09
5.3692657231e-09
5.4023376049e-09
7.5721023216e-09
1.2909692035e-08
2.0870864508e-08
2.8912199896e-08
3.5954216457e-08
3.6791789675e-08
3.6399780158e-08
3.2688123675e-08
2.5725710651e-08
1.7746520978e-08
9.9564823004e-09
7.1843381884e-09
1.0013709392e-08
1.7686622608e-08
2.9598958606e-08
4.3050345743e-08
5.0497691227e-08
5.0392835728e-08
3.5040224197e-08
2.3516781979e-08
1.3541908826e-08
6.5689213257e-09
3.0799326920e-09
2.0523351247e-09
1.6269150026e-09
2.7431327307e-09
5.4851970702e-09
1.0061103035e-08
1.5831710980e-08
2.1562648922e-08
2.5544169757e-08
2.6546360985e-08
2.3405296444e-08
1.8207083277e-08
1.3307834551e-08
1.4449992030e-08
2.1576853630e-08
3.2689690235e-08
4.5216428051e-08
5.4515300615e-08
5.3872294590e-08
4.6517904696e-08
2.7042467891e-08
1.4914437964e-08
6.6065866213e-09
1.6627812134e-09
3.5697665965e-10
4.5723361565e-10
2.3542982271e-11
1.7128230992e-13
0.0000000000e+00
0.0000000000e+00
0.0000000000e+00
0.0000000000e+00
0.0000000000e+00
0.0000000000e+00
0.0000000000e+00
0.0000000000e+00
8.9995667061e-12
1.1836950545e-09
4.3979321511e-09
9.3332923778e-09
1.5939700443e-08
2.3361063361e-08
2.6808167457e-08
2.6341052105e-08
1.5957925233e-08
9.3813862314e-09
4.4220716938e-09
1.1067694890e-09
1.9421557985e-10
3.1514765611e-10
2.2194477830e-11
3.7804903353e-13
0.0000000000e+00
0.0000000000e+00
0.0000000000e+00
0.0000000000e+00
0.0000000000e+00
0.0000000000e+00
0.0000000000e+00
0.0000000000e+00
2.2950382462e-12
3.0179752938e-10
1.1130935494e-09
2.3489716450e-09
3.9991041441e-09
5.8454624132e-09
6.6728237009e-09
6.5305313297e-09
3.8866472700e-09
2.2835630550e-09
1.0637502271e-09
2.5245420709e-10
4.2458207555e-11
7.9178819495e-11
3.4425573694e-12
0.0000000000e+00
0.0000000000e+00
0.0000000000e+00
0.0000000000e+00
0.0000000000e+00
0.0000000000e+00
0.0000000000e+00
0.0000000000e+00
0.0000000000e+00
3.8873997345e-12
5.1119306509e-10
1.8853888712e-09
3.9787536283e-09
6.7737940374e-09
9.9012071238e-09
1.1302614728e-08
1.1061595945e-08
6.5833114504e-09
3.8679627358e-09
1.8018097769e-09
4.2761397080e-10
7.1916895088e-11
1.3411529084e-10
5.8310996018e-12
0.0000000000e+00
0.0000000000e+00
0.0000000000e+00
0.0000000000e+00
0.0000000000e+00
0.0000000000e+00
0.0000000000e+00
0.0000000000e+00
0.0000000000e+00
0.0000000000e+00
0.0000000000e+00
0.0000000000e+00
0.0000000000e+00
0.0000000000e+00
0.0000000000e+00
0.0000000000e+00
0.0000000000e+00
0.0000000000e+00
0.0000000000e+00
0.0000000000e+00
0.0000000000e+00
0.0000000000e+00
0.0000000000e+00
0.0000000000e+00
0.0000000000e+00
0.0000000000e+00
0.0000000000e+00
0.0000000000e+00
0.0000000000e+00
0.0000000000e+00
0.0000000000e+00
0.0000000000e+00
0.0000000000e+00
0.0000000000e+00
0.0000000000e+00
0.0000000000e+00
0.0000000000e+00
0.0000000000e+00
0.0000000000e+00
0.0000000000e+00
0.0000000000e+00
0.0000000000e+00
0.0000000000e+00
0.0000000000e+00
0.0000000000e+00
0.0000000000e+00
0.0000000000e+00
0.0000000000e+00
0.0000000000e+00
0.0000000000e+00
0.0000000000e+00
0.0000000000e+00
0.0000000000e+00
0.0000000000e+00
0.0000000000e+00
0.0000000000e+00
0.0000000000e+00
0.0000000000e+00
0.0000000000e+00
0.0000000000e+00
0.0000000000e+00
0.0000000000e+00
0.0000000000e+00
0.0000000000e+00
0.0000000000e+00
0.0000000000e+00
0.0000000000e+00
0.0000000000e+00
0.0000000000e+00
0.0000000000e+00
0.0000000000e+00
0.0000000000e+00
0.0000000000e+00
0.0000000000e+00
0.0000000000e+00
0.0000000000e+00
0.0000000000e+00
0.0000000000e+00
0.0000000000e+00
0.0000000000e+00
0.0000000000e+00
0.0000000000e+00
0.0000000000e+00
0.0000000000e+00
0.0000000000e+00
0.0000000000e+00
0.0000000000e+00
0.0000000000e+00
0.0000000000e+00
0.0000000000e+00
0.0000000000e+00
0.0000000000e+00
0.0000000000e+00
0.0000000000e+00
0.0000000000e+00
0.0000000000e+00
0.0000000000e+00
0.0000000000e+00
0.0000000000e+00
0.0000000000e+00
0.0000000000e+00
0.0000000000e+00
0.0000000000e+00
0.0000000000e+00
0.0000000000e+00
0.0000000000e+00
0.0000000000e+00
0.0000000000e+00
0.0000000000e+00
0.0000000000e+00
0.0000000000e+00
0.0000000000e+00
0.0000000000e+00
0.0000000000e+00
0.0000000000e+00
0.0000000000e+00
0.0000000000e+00
0.0000000000e+00
0.0000000000e+00
0.0000000000e+00
0.0000000000e+00
0.0000000000e+00
0.0000000000e+00
0.0000000000e+00
0.0000000000e+00
0.0000000000e+00
0.0000000000e+00
0.0000000000e+00
0.0000000000e+00
0.0000000000e+00
0.0000000000e+00
0.0000000000e+00
0.0000000000e+00
0.0000000000e+00
0.0000000000e+00
0.0000000000e+00
0.0000000000e+00
0.0000000000e+00
0.0000000000e+00
0.0000000000e+00
0.0000000000e+00
0.0000000000e+00
0.0000000000e+00
0.0000000000e+00
0.0000000000e+00
0.0000000000e+00
0.0000000000e+00
0.0000000000e+00
0.0000000000e+00
0.0000000000e+00
0.0000000000e+00
0.0000000000e+00
0.0000000000e+00
0.0000000000e+00
0.0000000000e+00
0.0000000000e+00
0.0000000000e+00
0.0000000000e+00
0.0000000000e+00
0.0000000000e+00
0.0000000000e+00
0.0000000000e+00
0.0000000000e+00
0.0000000000e+00
0.0000000000e+00
0.0000000000e+00
0.0000000000e+00
0.0000000000e+00
0.0000000000e+00
0.0000000000e+00
0.0000000000e+00
0.0000000000e+00
0.0000000000e+00
0.0000000000e+00
0.0000000000e+00
0.0000000000e+00
0.0000000000e+00
0.0000000000e+00
0.0000000000e+00
0.0000000000e+00
0.0000000000e+00
0.0000000000e+00
0.0000000000e+00
0.0000000000e+00
0.0000000000e+00
0.0000000000e+00
0.0000000000e+00
0.0000000000e+00
0.0000000000e+00
0.0000000000e+00
0.0000000000e+00
0.0000000000e+00
0.0000000000e+00
0.0000000000e+00
0.0000000000e+00
0.0000000000e+00
0.0000000000e+00
0.0000000000e+00
0.0000000000e+00
0.0000000000e+00
0.0000000000e+00
0.0000000000e+00
0.0000000000e+00
0.0000000000e+00
0.0000000000e+00
0.0000000000e+00
0.0000000000e+00
0.0000000000e+00
0.0000000000e+00
0.0000000000e+00
0.0000000000e+00
0.0000000000e+00
0.0000000000e+00
0.0000000000e+00
0.0000000000e+00
0.0000000000e+00
0.0000000000e+00
0.0000000000e+00
0.0000000000e+00
0.0000000000e+00
0.0000000000e+00
0.0000000000e+00
0.0000000000e+00
0.0000000000e+00
0.0000000000e+00
0.0000000000e+00
0.0000000000e+00
0.0000000000e+00
0.0000000000e+00
0.0000000000e+00
0.0000000000e+00
0.0000000000e+00
0.0000000000e+00
0.0000000000e+00
0.0000000000e+00
0.0000000000e+00
0.0000000000e+00
0.0000000000e+00
0.0000000000e+00
0.0000000000e+00
0.0000000000e+00
0.0000000000e+00
0.0000000000e+00
0.0000000000e+00
0.0000000000e+00
0.0000000000e+00
0.0000000000e+00
0.0000000000e+00
0.0000000000e+00
0.0000000000e+00
0.0000000000e+00
0.0000000000e+00
0.0000000000e+00
0.0000000000e+00
0.0000000000e+00
0.0000000000e+00
0.0000000000e+00
0.0000000000e+00
0.0000000000e+00
0.0000000000e+00
0.0000000000e+00
0.0000000000e+00
0.0000000000e+00
0.0000000000e+00
0.0000000000e+00
0.0000000000e+00
0.0000000000e+00
0.0000000000e+00
0.0000000000e+00
0.0000000000e+00
0.0000000000e+00
0.0000000000e+00
0.0000000000e+00
0.0000000000e+00
0.0000000000e+00
0.0000000000e+00
0.0000000000e+00
0.0000000000e+00
0.0000000000e+00
0.0000000000e+00
0.0000000000e+00
0.0000000000e+00
0.0000000000e+00
0.0000000000e+00
0.0000000000e+00
0.0000000000e+00
0.0000000000e+00
0.0000000000e+00
0.0000000000e+00
0.0000000000e+00
0.0000000000e+00
0.0000000000e+00
0.0000000000e+00
0.0000000000e+00
0.0000000000e+00
0.0000000000e+00
0.0000000000e+00
0.0000000000e+00
0.0000000000e+00
0.0000000000e+00
0.0000000000e+00
0.0000000000e+00
0.0000000000e+00
0.0000000000e+00
0.0000000000e+00
0.0000000000e+00
0.0000000000e+00
0.0000000000e+00
0.0000000000e+00
0.0000000000e+00
0.0000000000e+00
0.0000000000e+00
1.3069396775e-12
1.7371408799e-10
8.7734067530e-10
2.2356401507e-09
4.1723735105e-09
6.5550496438e-09
8.5157495539e-09
9.1021923957e-09
7.4818036228e-09
4.4437753631e-09
3.4770364544e-09
4.8736335622e-09
8.5224917361e-09
1.4319281482e-08
2.1027756854e-08
2.4265501063e-08
2.3993599660e-08
1.4947164820e-08
8.7950252145e-09
4.2203373110e-09
1.1376624398e-09
2.1051414281e-10
2.8088255880e-10
3.2378544658e-11
8.9772380967e-13
0.0000000000e+00
0.0000000000e+00
0.0000000000e+00
0.0000000000e+00
0.0000000000e+00
0.0000000000e+00
0.0000000000e+00
0.0000000000e+00
9.1071794106e-12
1.1975940925e-09
4.4169820141e-09
9.3211981267e-09
1.5869260123e-08
2.3195985959e-08
2.6479124136e-08
2.5914479013e-08
1.5423008332e-08
9.0616435135e-09
4.2211776568e-09
1.0017897352e-09
1.6848281910e-10
3.1419768966e-10
1.3660769116e-11
0.0000000000e+00
0.0000000000e+00
0.0000000000e+00
0.0000000000e+00
0.0000000000e+00
0.0000000000e+00
0.0000000000e+00
0.0000000000e+00
0.0000000000e+00
9.7486563036e-12
1.2819483039e-09
4.7280983072e-09
9.9777497267e-09
1.6987033609e-08
2.4829827605e-08
2.8344218203e-08
2.7739801512e-08
1.6509349450e-08
9.6999130221e-09
4.5185021967e-09
1.0723521934e-09
1.8035014162e-10
3.3632864247e-10
1.4622984455e-11
0.0000000000e+00
0.0000000000e+00
0.0000000000e+00
0.0000000000e+00
0.0000000000e+00
0.0000000000e+00
0.0000000000e+00
0.0000000000e+00
2.5047801464e-13
4.4595671858e-11
1.6544842377e-09
5.9104035200e-09
1.2368229476e-08
2.0951706537e-08
3.0420714365e-08
3.4607826290e-08
3.3596491216e-08
1.9991731825e-08
1.1715620427e-08
5.4309488756e-09
1.2869932658e-09
2.2431103075e-10
4.0257026318e-10
1.7486719398e-11
0.0000000000e+00
0.0000000000e+00
0.0000000000e+00
0.0000000000e+00
0.0000000000e+00
0.0000000000e+00
0.0000000000e+00
0.0000000000e+00
0.0000000000e+00
4.1157767907e-12
5.4122464798e-10
1.9961517435e-09
4.2124975453e-09
7.1717410578e-09
1.0482883486e-08
1.1966621019e-08
1.1711442858e-08
6.9700679951e-09
4.0951979068e-09
1.9076625425e-09
4.5273544698e-10
7.6141870628e-11
1.4199429928e-10
6.1736651861e-12
0.0000000000e+00
0.0000000000e+00
0.0000000000e+00
0.0000000000e+00
0.0000000000e+00
0.0000000000e+00
0.0000000000e+00
0.0000000000e+00
0.0000000000e+00
3.2118229895e-12
4.2389620596e-10
1.7604391431e-09
4.0349200061e-09
7.1743880884e-09
1.0876915077e-08
1.3302771810e-08
1.3701801220e-08
9.9628985406e-09
6.0070825158e-09
3.2516963496e-09
1.2921304230e-09
3.6250533987e-10
2.1777580387e-10
9.4543411648e-11
1.2499409891e-11
2.0243644749e-10
9.8061526825e-10
2.4479594081e-09
4.5336438825e-09
7.0831160068e-09
9.1185579364e-09
9.6921463948e-09
7.8329148853e-09
4.6468699966e-09
3.1524359099e-09
3.3156934371e-09
5.1431818150e-09
8.5215870452e-09
1.2487002928e-08
1.4388419810e-08
1.4232615109e-08
8.8838134294e-09
5.2276259784e-09
2.5115703776e-09
6.8032064385e-10
1.2629482006e-10
1.6635363960e-10
1.9720764138e-11
5.5591729465e-13
0.0000000000e+00
0.0000000000e+00
0.0000000000e+00
0.0000000000e+00
0.0000000000e+00
0.0000000000e+00
0.0000000000e+00
0.0000000000e+00
7.6349415408e-12
1.0039948126e-09
3.7029466473e-09
7.8143626670e-09
1.3303885635e-08
1.9446196104e-08
2.2198592530e-08
2.1725226154e-08
1.2929773499e-08
7.5967668331e-09
3.5387954042e-09
8.3984356949e-10
1.4124641850e-10
2.6428059011e-10
1.2856409512e-10
6.9426078878e-10
2.1764135420e-09
4.9897961390e-09
9.1764416705e-09
1.3980861525e-08
1.8123261059e-08
1.9667989067e-08
1.7417440902e-08
1.2833338106e-08
7.2109673952e-09
4.7452814374e-09
5.6884005801e-09
9.6148646376e-09
1.6271227392e-08
2.4358435220e-08
2.9018620794e-08
3.0385150011e-08
2.2062213393e-08
1.6905969459e-08
1.2007169707e-08
7.9542868185e-09
6.5583088732e-09
7.2036621959e-09
8.9289213719e-09
1.3114165449e-08
1.9697263843e-08
2.6029873579e-08
3.1281909936e-08
3.0681670439e-08
2.9541677999e-08
2.6101532793e-08
2.0240418393e-08
1.3816546761e-08
7.6464715952e-09
4.9785814718e-09
6.1871962170e-09
1.0538823943e-08
1.7611146086e-08
2.5857785891e-08
2.9843100836e-08
2.9746432311e-08
1.8672130930e-08
1.1615744966e-08
5.6524549380e-09
1.7134553221e-09
4.6051792064e-10
4.0253564963e-10
3.2100699582e-11
1.9591235142e-10
1.0381543909e-09
3.2484808947e-09
7.0046233929e-09
1.2039061385e-08
1.7353763703e-08
2.1065869084e-08
2.0578998765e-08
1.6270345636e-08
1.0591912029e-08
9.6077018732e-09
1.3603031597e-08
2.1970969672e-08
3.2962862294e-08
4.3602957893e-08
4.5468488039e-08
4.1145975280e-08
2.4189075144e-08
1.3649874993e-08
6.1013014926e-09
1.4992003633e-09
2.9830087323e-10
4.4005204762e-10
1.0907752296e-10
6.0473516981e-10
2.0155821976e-09
4.7553100815e-09
8.8817167772e-09
1.3740561407e-08
1.7997338025e-08
1.9807437736e-08
1.7604628983e-08
1.2970248924e-08
7.3157594891e-09
4.8482089017e-09
6.0077493199e-09
1.0457725396e-08
1.7863225107e-08
2.6928363134e-08
3.2481273657e-08
3.4093398672e-08
2.5038197036e-08
1.8207782716e-08
1.1751621591e-08
6.2750603773e-09
3.1087603922e-09
2.1348323127e-09
1.6117780796e-09
2.2931542057e-09
4.0820898648e-09
6.5893950967e-09
9.7793919486e-09
1.2518749444e-08
1.5233499861e-08
1.6130134555e-08
1.4118426756e-08
1.0359867261e-08
5.8676334380e-09
3.6735859364e-09
3.9146254884e-09
6.1823844387e-09
1.0121158118e-08
1.4713994171e-08
1.6722137596e-08
1.6362789415e-08
9.7383180020e-09
5.7216571668e-09
2.6653146702e-09
6.3254501341e-10
1.0638257044e-10
1.9838911784e-10
8.6256138193e-12
3.3388099871e-13
4.6272869210e-11
4.7326088558e-10
1.4899733739e-09
3.0049421903e-09
4.9757948094e-09
7.0008270438e-09
7.8336166176e-09
7.3021995985e-09
4.3513452299e-09
3.7915211507e-09
5.8589931460e-09
1.0237649866e-08
1.7030938718e-08
2.4895325687e-08
2.8328726204e-08
2.7721164318e-08
1.6498257520e-08
9.6933960626e-09
4.5154664071e-09
1.0716317255e-09
1.8022897202e-10
3.3610267755e-10
1.4613159893e-11
0.0000000000e+00
0.0000000000e+00
0.0000000000e+00
0.0000000000e+00
0.0000000000e+00
0.0000000000e+00
0.0000000000e+00
0.0000000000e+00
0.0000000000e+00
3.2509710394e-12
4.2750269168e-10
1.5767209541e-09
3.3273688588e-09
5.6648170361e-09
8.2802232373e-09
9.4521982970e-09
9.2506380926e-09
5.5055194552e-09
3.2347161842e-09
1.5068250768e-09
3.5760681433e-10
6.0142964229e-11
1.1215850086e-10
5.5702190298e-12
9.2504582218e-11
5.0544879877e-10
1.5039735512e-09
3.1613852419e-09
5.3552898878e-09
7.5912227622e-09
9.0822093112e-09
8.6854122789e-09
6.6494272204e-09
3.8561610960e-09
2.5823095487e-09
3.0599126337e-09
5.3078497249e-09
9.1881351585e-09
1.3938045162e-08
1.6962216794e-08
1.7844914536e-08
1.3218496466e-08
9.0939412807e-09
5.3572212918e-09
2.6364356282e-09
2.5460925896e-09
5.0492180565e-09
9.4155674639e-09
1.5727529977e-08
2.3209715462e-08
2.8759258750e-08
3.1995924359e-08
2.9216099514e-08
2.6739514915e-08
2.3034797535e-08
1.7724151867e-08
1.2142907085e-08
6.7818188351e-09
4.5253236248e-09
5.8051690532e-09
9.9010079929e-09
1.6406582600e-08
2.3891812374e-08
2.7191712651e-08
2.6608842209e-08
1.5836258753e-08
9.3044449125e-09
4.3342816251e-09
1.0286321009e-09
1.7299721697e-10
3.2261643164e-10
1.4026801376e-11
0.0000000000e+00
0.0000000000e+00
0.0000000000e+00
0.0000000000e+00
0.0000000000e+00
0.0000000000e+00
0.0000000000e+00
0.0000000000e+00
0.0000000000e+00
9.8546291680e-12
1.2963194986e-09
4.8367979854e-09
1.0297558025e-08
1.7617694790e-08
2.5859057577e-08
2.9762222753e-08
2.9308328318e-08
1.7928778208e-08
1.0543320720e-08
5.0012048379e-09
1.2859853746e-09
2.3024457332e-10
3.4804632242e-10
2.9815768416e-11
6.5364455060e-13
0.0000000000e+00
0.0000000000e+00
0.0000000000e+00
0.0000000000e+00
0.0000000000e+00
0.0000000000e+00
0.0000000000e+00
0.0000000000e+00
8.5741021315e-12
1.1274944303e-09
4.1584395338e-09
8.7755935316e-09
1.4940372964e-08
2.1838238129e-08
2.4929201947e-08
2.4397607615e-08
1.4520241960e-08
8.5312316209e-09
3.9740963380e-09
9.4315123447e-10
1.5862088943e-10
2.9580652354e-10
1.2861153197e-11
0.0000000000e+00
0.0000000000e+00
0.0000000000e+00
0.0000000000e+00
0.0000000000e+00
0.0000000000e+00
0.0000000000e+00
0.0000000000e+00
0.0000000000e+00
8.3840903257e-12
1.1025078778e-09
4.0662838080e-09
8.5811164484e-09
1.4609277393e-08
2.1354278060e-08
2.4376742622e-08
2.3856929022e-08
1.4198456967e-08
8.3421698741e-09
3.8860258660e-09
9.2224993583e-10
1.5510567103e-10
2.8925111624e-10
1.2576135489e-11
0.0000000000e+00
0.0000000000e+00
0.0000000000e+00
0.0000000000e+00
0.0000000000e+00
0.0000000000e+00
0.0000000000e+00
0.0000000000e+00
0.0000000000e+00
1.0748395298e-12
1.4134139816e-10
5.2129717194e-10
1.1000982587e-09
1.8729078806e-09
2.7376162823e-09
3.1250959328e-09
3.0584558819e-09
1.8202407437e-09
1.0694653321e-09
4.9818812205e-10
1.1823234827e-10
1.9884531301e-11
3.7081963777e-11
1.6122592946e-12
0.0000000000e+00
0.0000000000e+00
0.0000000000e+00
0.0000000000e+00
0.0000000000e+00
0.0000000000e+00
0.0000000000e+00
0.0000000000e+00
0.0000000000e+00
8.7384646006e-12
1.1491080950e-09
4.2381553313e-09
8.9438185187e-09
1.5226774566e-08
2.2256869338e-08
2.5407085826e-08
2.4865301021e-08
1.4798589801e-08
8.6947722776e-09
4.0502783424e-09
9.6423890608e-10
5.5718729709e-10
1.7602600360e-09
3.0922998706e-09
5.3356722715e-09
8.1857021612e-09
1.0320740192e-08
1.1883746275e-08
1.0739315830e-08
1.1018469891e-08
1.1015957802e-08
9.5656939677e-09
7.1334058812e-09
4.2125996858e-09
2.8336802789e-09
3.4013963142e-09
5.6445262961e-09
9.3325186305e-09
1.3583532964e-08
1.5449751408e-08
1.5118204170e-08
8.9976027984e-09
5.2864569143e-09
2.4625857083e-09
5.8443242269e-10
9.8290907452e-11
1.8329925984e-10
7.9695330366e-12
0.0000000000e+00
0.0000000000e+00
0.0000000000e+00
0.0000000000e+00
0.0000000000e+00
0.0000000000e+00
0.0000000000e+00
0.0000000000e+00
0.0000000000e+00
0.0000000000e+00
0.0000000000e+00
0.0000000000e+00
0.0000000000e+00
0.0000000000e+00
0.0000000000e+00
0.0000000000e+00
0.0000000000e+00
0.0000000000e+00
0.0000000000e+00
0.0000000000e+00
0.0000000000e+00
0.0000000000e+00
0.0000000000e+00
0.0000000000e+00
0.0000000000e+00
0.0000000000e+00
0.0000000000e+00
0.0000000000e+00
0.0000000000e+00
0.0000000000e+00
0.0000000000e+00
0.0000000000e+00
0.0000000000e+00
0.0000000000e+00
0.0000000000e+00
0.0000000000e+00
0.0000000000e+00
0.0000000000e+00
0.0000000000e+00
0.0000000000e+00
0.0000000000e+00
0.0000000000e+00
0.0000000000e+00
0.0000000000e+00
0.0000000000e+00
0.0000000000e+00
0.0000000000e+00
0.0000000000e+00
0.0000000000e+00
0.0000000000e+00
0.0000000000e+00
0.0000000000e+00
0.0000000000e+00
0.0000000000e+00
0.0000000000e+00
0.0000000000e+00
0.0000000000e+00
4.0648956837e-13
5.3800596719e-11
2.4280667059e-10
5.8444303533e-10
1.0636861857e-09
1.6403571295e-09
2.0662338849e-09
2.1662037932e-09
1.6764002648e-09
9.9247161397e-10
5.3389030111e-10
2.0564961733e-10
4.5714089657e-11
2.0447431962e-11
1.2588771863e-11
5.2082771785e-13
0.0000000000e+00
0.0000000000e+00
0.0000000000e+00
0.0000000000e+00
0.0000000000e+00
0.0000000000e+00
0.0000000000e+00
0.0000000000e+00
0.0000000000e+00
0.0000000000e+00
0.0000000000e+00
0.0000000000e+00
0.0000000000e+00
0.0000000000e+00
0.0000000000e+00
0.0000000000e+00
0.0000000000e+00
0.0000000000e+00
0.0000000000e+00
0.0000000000e+00
0.0000000000e+00
0.0000000000e+00
0.0000000000e+00
0.0000000000e+00
0.0000000000e+00
0.0000000000e+00
0.0000000000e+00
0.0000000000e+00
0.0000000000e+00
0.0000000000e+00
0.0000000000e+00
0.0000000000e+00
0.0000000000e+00
0.0000000000e+00
0.0000000000e+00
0.0000000000e+00
0.0000000000e+00
0.0000000000e+00
0.0000000000e+00
0.0000000000e+00
0.0000000000e+00
0.0000000000e+00
0.0000000000e+00
0.0000000000e+00
0.0000000000e+00
0.0000000000e+00
0.0000000000e+00
0.0000000000e+00
0.0000000000e+00
0.0000000000e+00
0.0000000000e+00
0.0000000000e+00
0.0000000000e+00
0.0000000000e+00
0.0000000000e+00
0.0000000000e+00
0.0000000000e+00
0.0000000000e+00
0.0000000000e+00
0.0000000000e+00
0.0000000000e+00
0.0000000000e+00
0.0000000000e+00
0.0000000000e+00
0.0000000000e+00
0.0000000000e+00
0.0000000000e+00
0.0000000000e+00
0.0000000000e+00
0.0000000000e+00
0.0000000000e+00
0.0000000000e+00
0.0000000000e+00
0.0000000000e+00
0.0000000000e+00
0.0000000000e+00
0.0000000000e+00
0.0000000000e+00
0.0000000000e+00
0.0000000000e+00
0.0000000000e+00
0.0000000000e+00
0.0000000000e+00
0.0000000000e+00
0.0000000000e+00
0.0000000000e+00
0.0000000000e+00
0.0000000000e+00
0.0000000000e+00
0.0000000000e+00
0.0000000000e+00
0.0000000000e+00
0.0000000000e+00
0.0000000000e+00
0.0000000000e+00
0.0000000000e+00
0.0000000000e+00
0.0000000000e+00
0.0000000000e+00
0.0000000000e+00
0.0000000000e+00
0.0000000000e+00
0.0000000000e+00
0.0000000000e+00
0.0000000000e+00
0.0000000000e+00
0.0000000000e+00
0.0000000000e+00
0.0000000000e+00
0.0000000000e+00
0.0000000000e+00
0.0000000000e+00
0.0000000000e+00
0.0000000000e+00
0.0000000000e+00
0.0000000000e+00
0.0000000000e+00
0.0000000000e+00
0.0000000000e+00
0.0000000000e+00
0.0000000000e+00
0.0000000000e+00
0.0000000000e+00
0.0000000000e+00
0.0000000000e+00
0.0000000000e+00
0.0000000000e+00
0.0000000000e+00
0.0000000000e+00
0.0000000000e+00
0.0000000000e+00
0.0000000000e+00
0.0000000000e+00
0.0000000000e+00
0.0000000000e+00
0.0000000000e+00
0.0000000000e+00
0.0000000000e+00
0.0000000000e+00
0.0000000000e+00
0.0000000000e+00
0.0000000000e+00
0.0000000000e+00
0.0000000000e+00
0.0000000000e+00
0.0000000000e+00
0.0000000000e+00
0.0000000000e+00
0.0000000000e+00
0.0000000000e+00
0.0000000000e+00
0.0000000000e+00
0.0000000000e+00
0.0000000000e+00
0.0000000000e+00
0.0000000000e+00
0.0000000000e+00
0.0000000000e+00
0.0000000000e+00
0.0000000000e+00
0.0000000000e+00
0.0000000000e+00
0.0000000000e+00
0.0000000000e+00
0.0000000000e+00
0.0000000000e+00
0.0000000000e+00
0.0000000000e+00
0.0000000000e+00
0.0000000000e+00
0.0000000000e+00
0.0000000000e+00
0.0000000000e+00
0.0000000000e+00
0.0000000000e+00
0.0000000000e+00
4.3396880445e-12
5.7075797252e-10
2.1164515014e-09
4.4848331310e-09
7.6529924676e-09
1.1208258671e-08
1.2844312427e-08
1.2607334349e-08
7.6024960517e-09
4.4687020867e-09
2.0999951105e-09
5.1861471686e-10
9.0073643097e-11
1.5136563903e-10
9.5798483618e-12
1.3349201283e-13
0.0000000000e+00
0.0000000000e+00
0.0000000000e+00
0.0000000000e+00
0.0000000000e+00
0.0000000000e+00
0.0000000000e+00
0.0000000000e+00
1.9604131477e-12
2.5779432893e-10
9.5080037666e-10
2.0064828567e-09
3.4160199099e-09
4.9931722873e-09
5.6999012271e-09
5.5783556119e-09
3.3199596657e-09
1.9506110820e-09
9.0865149398e-10
2.1564544625e-10
3.6267643233e-11
6.7634253597e-11
2.9406197216e-12
0.0000000000e+00
0.0000000000e+00
0.0000000000e+00
0.0000000000e+00
0.0000000000e+00
0.0000000000e+00
0.0000000000e+00
0.0000000000e+00
0.0000000000e+00
0.0000000000e+00
0.0000000000e+00
0.0000000000e+00
0.0000000000e+00
0.0000000000e+00
0.0000000000e+00
0.0000000000e+00
0.0000000000e+00
0.0000000000e+00
0.0000000000e+00
0.0000000000e+00
0.0000000000e+00
0.0000000000e+00
0.0000000000e+00
0.0000000000e+00
0.0000000000e+00
0.0000000000e+00
0.0000000000e+00
0.0000000000e+00
0.0000000000e+00
0.0000000000e+00
0.0000000000e+00
0.0000000000e+00
0.0000000000e+00
0.0000000000e+00
0.0000000000e+00
0.0000000000e+00
0.0000000000e+00
0.0000000000e+00
0.0000000000e+00
0.0000000000e+00
0.0000000000e+00
0.0000000000e+00
0.0000000000e+00
0.0000000000e+00
0.0000000000e+00
0.0000000000e+00
0.0000000000e+00
0.0000000000e+00
0.0000000000e+00
0.0000000000e+00
0.0000000000e+00
0.0000000000e+00
0.0000000000e+00
0.0000000000e+00
0.0000000000e+00
0.0000000000e+00
0.0000000000e+00
0.0000000000e+00
0.0000000000e+00
0.0000000000e+00
0.0000000000e+00
0.0000000000e+00
0.0000000000e+00
0.0000000000e+00
0.0000000000e+00
0.0000000000e+00
0.0000000000e+00
0.0000000000e+00
0.0000000000e+00
0.0000000000e+00
0.0000000000e+00
0.0000000000e+00
0.0000000000e+00
0.0000000000e+00
0.0000000000e+00
0.0000000000e+00
0.0000000000e+00
0.0000000000e+00
0.0000000000e+00
0.0000000000e+00
0.0000000000e+00
0.0000000000e+00
0.0000000000e+00
0.0000000000e+00
0.0000000000e+00
0.0000000000e+00
0.0000000000e+00
0.0000000000e+00
0.0000000000e+00
0.0000000000e+00
0.0000000000e+00
0.0000000000e+00
0.0000000000e+00
0.0000000000e+00
0.0000000000e+00
0.0000000000e+00
0.0000000000e+00
0.0000000000e+00
0.0000000000e+00
0.0000000000e+00
0.0000000000e+00
0.0000000000e+00
0.0000000000e+00
0.0000000000e+00
0.0000000000e+00
0.0000000000e+00
0.0000000000e+00
0.0000000000e+00
0.0000000000e+00
0.0000000000e+00
0.0000000000e+00
0.0000000000e+00
0.0000000000e+00
0.0000000000e+00
0.0000000000e+00
0.0000000000e+00
0.0000000000e+00
0.0000000000e+00
0.0000000000e+00
0.0000000000e+00
0.0000000000e+00
0.0000000000e+00
0.0000000000e+00
0.0000000000e+00
0.0000000000e+00
0.0000000000e+00
0.0000000000e+00
0.0000000000e+00
0.0000000000e+00
0.0000000000e+00
0.0000000000e+00
0.0000000000e+00
0.0000000000e+00
0.0000000000e+00
0.0000000000e+00
0.0000000000e+00
0.0000000000e+00
0.0000000000e+00
0.0000000000e+00
0.0000000000e+00
0.0000000000e+00
0.0000000000e+00
0.0000000000e+00
0.0000000000e+00
0.0000000000e+00
0.0000000000e+00
0.0000000000e+00
0.0000000000e+00
0.0000000000e+00
0.0000000000e+00
0.0000000000e+00
0.0000000000e+00
0.0000000000e+00
1.4573428441e-12
1.9164058400e-10
7.0681127941e-10
1.4915904010e-09
2.5394199059e-09
3.7118522240e-09
4.2372243193e-09
4.1468690630e-09
2.4680101066e-09
1.4500561299e-09
6.7547840826e-10
1.6030771286e-10
2.6960842617e-11
5.0278328123e-11
2.1860142662e-12
0.0000000000e+00
0.0000000000e+00
0.0000000000e+00
0.0000000000e+00
0.0000000000e+00
0.0000000000e+00
0.0000000000e+00
0.0000000000e+00
0.0000000000e+00
0.0000000000e+00
0.0000000000e+00
0.0000000000e+00
0.0000000000e+00
0.0000000000e+00
0.0000000000e+00
0.0000000000e+00
0.0000000000e+00
0.0000000000e+00
0.0000000000e+00
0.0000000000e+00
0.0000000000e+00
0.0000000000e+00
0.0000000000e+00
0.0000000000e+00
0.0000000000e+00
0.0000000000e+00
0.0000000000e+00
0.0000000000e+00
0.0000000000e+00
0.0000000000e+00
0.0000000000e+00
0.0000000000e+00
0.0000000000e+00
8.3014379853e-12
1.0916390951e-09
4.0261974229e-09
8.4965217780e-09
1.4465255689e-08
2.1143762549e-08
2.4136430942e-08
2.3621741787e-08
1.4058485228e-08
8.2599307954e-09
3.8477165062e-09
9.1315817839e-10
1.5357660273e-10
2.8639961049e-10
1.2452156978e-11
0.0000000000e+00
0.0000000000e+00
0.0000000000e+00
0.0000000000e+00
0.0000000000e+00
0.0000000000e+00
0.0000000000e+00
0.0000000000e+00
0.0000000000e+00
0.0000000000e+00
0.0000000000e+00
0.0000000000e+00
0.0000000000e+00
0.0000000000e+00
0.0000000000e+00
0.0000000000e+00
0.0000000000e+00
0.0000000000e+00
0.0000000000e+00
0.0000000000e+00
0.0000000000e+00
0.0000000000e+00
0.0000000000e+00
0.0000000000e+00
0.0000000000e+00
0.0000000000e+00
0.0000000000e+00
0.0000000000e+00
0.0000000000e+00
0.0000000000e+00
0.0000000000e+00
0.0000000000e+00
0.0000000000e+00
0.0000000000e+00
0.0000000000e+00
0.0000000000e+00
0.0000000000e+00
0.0000000000e+00
0.0000000000e+00
0.0000000000e+00
0.0000000000e+00
0.0000000000e+00
0.0000000000e+00
0.0000000000e+00
0.0000000000e+00
0.0000000000e+00
0.0000000000e+00
0.0000000000e+00
0.0000000000e+00
0.0000000000e+00
0.0000000000e+00
0.0000000000e+00
0.0000000000e+00
0.0000000000e+00
0.0000000000e+00
0.0000000000e+00
0.0000000000e+00
0.0000000000e+00
0.0000000000e+00
0.0000000000e+00
0.0000000000e+00
0.0000000000e+00
0.0000000000e+00
0.0000000000e+00
0.0000000000e+00
0.0000000000e+00
0.0000000000e+00
0.0000000000e+00
0.0000000000e+00
0.0000000000e+00
0.0000000000e+00
0.0000000000e+00
0.0000000000e+00
1.2874676587e-12
1.6930199713e-10
6.2442181449e-10
1.3177231487e-09
2.2434123954e-09
3.2791801268e-09
3.7433122178e-09
3.6634892230e-09
2.1848120687e-09
1.8711961579e-09
2.8131519023e-09
4.8849852310e-09
8.1639511579e-09
1.2023155274e-08
1.3856397290e-08
1.3697990646e-08
8.5155884545e-09
5.0234694250e-09
2.4085311809e-09
6.4933091378e-10
1.2268170022e-10
1.6180929134e-10
1.7675068751e-11
8.7543108530e-13
1.7783669220e-14
0.0000000000e+00
0.0000000000e+00
0.0000000000e+00
0.0000000000e+00
0.0000000000e+00
0.0000000000e+00
0.0000000000e+00
0.0000000000e+00
0.0000000000e+00
0.0000000000e+00
0.0000000000e+00
0.0000000000e+00
0.0000000000e+00
0.0000000000e+00
0.0000000000e+00
0.0000000000e+00
0.0000000000e+00
0.0000000000e+00
0.0000000000e+00
0.0000000000e+00
0.0000000000e+00
0.0000000000e+00
0.0000000000e+00
0.0000000000e+00
0.0000000000e+00
0.0000000000e+00
0.0000000000e+00
0.0000000000e+00
0.0000000000e+00
0.0000000000e+00
0.0000000000e+00
0.0000000000e+00
0.0000000000e+00
0.0000000000e+00
0.0000000000e+00
0.0000000000e+00
0.0000000000e+00
0.0000000000e+00
0.0000000000e+00
0.0000000000e+00
0.0000000000e+00
0.0000000000e+00
0.0000000000e+00
0.0000000000e+00
0.0000000000e+00
0.0000000000e+00
0.0000000000e+00
0.0000000000e+00
0.0000000000e+00
0.0000000000e+00
0.0000000000e+00
0.0000000000e+00
0.0000000000e+00
0.0000000000e+00
0.0000000000e+00
0.0000000000e+00
0.0000000000e+00
0.0000000000e+00
0.0000000000e+00
0.0000000000e+00
0.0000000000e+00
0.0000000000e+00
0.0000000000e+00
0.0000000000e+00
0.0000000000e+00
0.0000000000e+00
0.0000000000e+00
0.0000000000e+00
0.0000000000e+00
0.0000000000e+00
0.0000000000e+00
0.0000000000e+00
0.0000000000e+00
0.0000000000e+00
0.0000000000e+00
0.0000000000e+00
0.0000000000e+00
0.0000000000e+00
0.0000000000e+00
0.0000000000e+00
0.0000000000e+00
0.0000000000e+00
0.0000000000e+00
0.0000000000e+00
0.0000000000e+00
0.0000000000e+00
0.0000000000e+00
0.0000000000e+00
0.0000000000e+00
0.0000000000e+00
0.0000000000e+00
0.0000000000e+00
0.0000000000e+00
0.0000000000e+00
0.0000000000e+00
0.0000000000e+00
0.0000000000e+00
0.0000000000e+00
0.0000000000e+00
0.0000000000e+00
0.0000000000e+00
0.0000000000e+00
0.0000000000e+00
0.0000000000e+00
0.0000000000e+00
0.0000000000e+00
0.0000000000e+00
0.0000000000e+00
0.0000000000e+00
0.0000000000e+00
0.0000000000e+00
0.0000000000e+00
0.0000000000e+00
0.0000000000e+00
0.0000000000e+00
0.0000000000e+00
0.0000000000e+00
0.0000000000e+00
0.0000000000e+00
0.0000000000e+00
0.0000000000e+00
0.0000000000e+00
0.0000000000e+00
0.0000000000e+00
0.0000000000e+00
0.0000000000e+00
0.0000000000e+00
0.0000000000e+00
0.0000000000e+00
0.0000000000e+00
0.0000000000e+00
0.0000000000e+00
0.0000000000e+00
0.0000000000e+00
0.0000000000e+00
0.0000000000e+00
0.0000000000e+00
0.0000000000e+00
0.0000000000e+00
0.0000000000e+00
0.0000000000e+00
0.0000000000e+00
0.0000000000e+00
0.0000000000e+00
0.0000000000e+00
0.0000000000e+00
0.0000000000e+00
0.0000000000e+00
0.0000000000e+00
0.0000000000e+00
0.0000000000e+00
0.0000000000e+00
0.0000000000e+00
0.0000000000e+00
0.0000000000e+00
0.0000000000e+00
0.0000000000e+00
0.0000000000e+00
0.0000000000e+00
0.0000000000e+00
0.0000000000e+00
0.0000000000e+00
0.0000000000e+00
0.0000000000e+00
0.0000000000e+00
0.0000000000e+00
0.0000000000e+00
0.0000000000e+00
0.0000000000e+00
0.0000000000e+00
0.0000000000e+00
0.0000000000e+00
0.0000000000e+00
0.0000000000e+00
0.0000000000e+00
0.0000000000e+00
0.0000000000e+00
0.0000000000e+00
0.0000000000e+00
0.0000000000e+00
0.0000000000e+00
0.0000000000e+00
0.0000000000e+00
0.0000000000e+00
0.0000000000e+00
0.0000000000e+00
0.0000000000e+00
0.0000000000e+00
0.0000000000e+00
0.0000000000e+00
0.0000000000e+00
0.0000000000e+00
0.0000000000e+00
0.0000000000e+00
0.0000000000e+00
0.0000000000e+00
0.0000000000e+00
0.0000000000e+00
0.0000000000e+00
0.0000000000e+00
0.0000000000e+00
0.0000000000e+00
0.0000000000e+00
0.0000000000e+00
0.0000000000e+00
0.0000000000e+00
0.0000000000e+00
0.0000000000e+00
0.0000000000e+00
0.0000000000e+00
0.0000000000e+00
0.0000000000e+00
0.0000000000e+00
0.0000000000e+00
0.0000000000e+00
0.0000000000e+00
0.0000000000e+00
0.0000000000e+00
0.0000000000e+00
0.0000000000e+00
0.0000000000e+00
0.0000000000e+00
0.0000000000e+00
0.0000000000e+00
0.0000000000e+00
0.0000000000e+00
0.0000000000e+00
0.0000000000e+00
0.0000000000e+00
0.0000000000e+00
0.0000000000e+00
0.0000000000e+00
0.0000000000e+00
0.0000000000e+00
0.0000000000e+00
0.0000000000e+00
0.0000000000e+00
0.0000000000e+00
0.0000000000e+00
0.0000000000e+00
0.0000000000e+00
0.0000000000e+00
0.0000000000e+00
0.0000000000e+00
0.0000000000e+00
0.0000000000e+00
0.0000000000e+00
0.0000000000e+00
0.0000000000e+00
0.0000000000e+00
0.0000000000e+00
0.0000000000e+00
0.0000000000e+00
0.0000000000e+00
0.0000000000e+00
0.0000000000e+00
0.0000000000e+00
0.0000000000e+00
0.0000000000e+00
0.0000000000e+00
0.0000000000e+00
0.0000000000e+00
0.0000000000e+00
0.0000000000e+00
0.0000000000e+00
0.0000000000e+00
0.0000000000e+00
0.0000000000e+00
0.0000000000e+00
0.0000000000e+00
0.0000000000e+00
0.0000000000e+00
0.0000000000e+00
0.0000000000e+00
0.0000000000e+00
0.0000000000e+00
0.0000000000e+00
0.0000000000e+00
0.0000000000e+00
0.0000000000e+00
0.0000000000e+00
0.0000000000e+00
0.0000000000e+00
0.0000000000e+00
0.0000000000e+00
0.0000000000e+00
0.0000000000e+00
0.0000000000e+00
0.0000000000e+00
0.0000000000e+00
0.0000000000e+00
0.0000000000e+00
0.0000000000e+00
0.0000000000e+00
0.0000000000e+00
0.0000000000e+00
0.0000000000e+00
0.0000000000e+00
0.0000000000e+00
0.0000000000e+00
0.0000000000e+00
0.0000000000e+00
0.0000000000e+00
0.0000000000e+00
0.0000000000e+00
0.0000000000e+00
0.0000000000e+00
0.0000000000e+00
0.0000000000e+00
0.0000000000e+00
0.0000000000e+00
0.0000000000e+00
0.0000000000e+00
0.0000000000e+00
0.0000000000e+00
0.0000000000e+00
0.0000000000e+00
0.0000000000e+00
0.0000000000e+00
0.0000000000e+00
0.0000000000e+00
0.0000000000e+00
0.0000000000e+00
0.0000000000e+00
0.0000000000e+00
0.0000000000e+00
0.0000000000e+00
0.0000000000e+00
0.0000000000e+00
0.0000000000e+00
0.0000000000e+00
0.0000000000e+00
0.0000000000e+00
0.0000000000e+00
0.0000000000e+00
0.0000000000e+00
0.0000000000e+00
0.0000000000e+00
0.0000000000e+00
0.0000000000e+00
0.0000000000e+00
0.0000000000e+00
0.0000000000e+00
0.0000000000e+00
0.0000000000e+00
0.0000000000e+00
0.0000000000e+00
0.0000000000e+00
0.0000000000e+00
0.0000000000e+00
0.0000000000e+00
0.0000000000e+00
0.0000000000e+00
0.0000000000e+00
0.0000000000e+00
0.0000000000e+00
0.0000000000e+00
0.0000000000e+00
0.0000000000e+00
0.0000000000e+00
0.0000000000e+00
0.0000000000e+00
0.0000000000e+00
0.0000000000e+00
0.0000000000e+00
0.0000000000e+00
0.0000000000e+00
0.0000000000e+00
0.0000000000e+00
0.0000000000e+00
0.0000000000e+00
0.0000000000e+00
0.0000000000e+00
0.0000000000e+00
0.0000000000e+00
0.0000000000e+00
0.0000000000e+00
0.0000000000e+00
0.0000000000e+00
0.0000000000e+00
0.0000000000e+00
0.0000000000e+00
0.0000000000e+00
0.0000000000e+00
0.0000000000e+00
0.0000000000e+00
0.0000000000e+00
0.0000000000e+00
0.0000000000e+00
0.0000000000e+00
0.0000000000e+00
0.0000000000e+00
0.0000000000e+00
0.0000000000e+00
0.0000000000e+00
0.0000000000e+00
0.0000000000e+00
0.0000000000e+00
0.0000000000e+00
0.0000000000e+00
0.0000000000e+00
0.0000000000e+00
0.0000000000e+00
0.0000000000e+00
0.0000000000e+00
0.0000000000e+00
0.0000000000e+00
0.0000000000e+00
0.0000000000e+00
0.0000000000e+00
0.0000000000e+00
0.0000000000e+00
0.0000000000e+00
0.0000000000e+00
0.0000000000e+00
0.0000000000e+00
0.0000000000e+00
0.0000000000e+00
0.0000000000e+00
0.0000000000e+00
0.0000000000e+00
0.0000000000e+00
0.0000000000e+00
0.0000000000e+00
0.0000000000e+00
0.0000000000e+00
0.0000000000e+00
0.0000000000e+00
0.0000000000e+00
0.0000000000e+00
0.0000000000e+00
0.0000000000e+00
0.0000000000e+00
0.0000000000e+00
0.0000000000e+00
0.0000000000e+00
0.0000000000e+00
0.0000000000e+00
0.0000000000e+00
0.0000000000e+00
0.0000000000e+00
0.0000000000e+00
0.0000000000e+00
0.0000000000e+00
0.0000000000e+00
0.0000000000e+00
0.0000000000e+00
0.0000000000e+00
0.0000000000e+00
0.0000000000e+00
0.0000000000e+00
0.0000000000e+00
0.0000000000e+00
0.0000000000e+00
0.0000000000e+00
0.0000000000e+00
0.0000000000e+00
0.0000000000e+00
0.0000000000e+00
0.0000000000e+00
0.0000000000e+00
0.0000000000e+00
0.0000000000e+00
0.0000000000e+00
0.0000000000e+00
0.0000000000e+00
0.0000000000e+00
0.0000000000e+00
0.0000000000e+00
0.0000000000e+00
0.0000000000e+00
0.0000000000e+00
0.0000000000e+00
0.0000000000e+00
0.0000000000e+00
0.0000000000e+00
0.0000000000e+00
0.0000000000e+00
0.0000000000e+00
0.0000000000e+00
0.0000000000e+00
0.0000000000e+00
0.0000000000e+00
0.0000000000e+00
0.0000000000e+00
0.0000000000e+00
0.0000000000e+00
0.0000000000e+00
0.0000000000e+00
0.0000000000e+00
0.0000000000e+00
0.0000000000e+00
0.0000000000e+00
0.0000000000e+00
0.0000000000e+00
0.0000000000e+00
0.0000000000e+00
0.0000000000e+00
0.0000000000e+00
0.0000000000e+00
0.0000000000e+00
0.0000000000e+00
0.0000000000e+00
0.0000000000e+00
0.0000000000e+00
0.0000000000e+00
0.0000000000e+00
0.0000000000e+00
0.0000000000e+00
0.0000000000e+00
0.0000000000e+00
0.0000000000e+00
0.0000000000e+00
0.0000000000e+00
0.0000000000e+00
0.0000000000e+00
0.0000000000e+00
0.0000000000e+00
0.0000000000e+00
0.0000000000e+00
0.0000000000e+00
0.0000000000e+00
0.0000000000e+00
0.0000000000e+00
0.0000000000e+00
0.0000000000e+00
0.0000000000e+00
0.0000000000e+00
0.0000000000e+00
0.0000000000e+00
0.0000000000e+00
0.0000000000e+00
0.0000000000e+00
0.0000000000e+00
0.0000000000e+00
0.0000000000e+00
0.0000000000e+00
0.0000000000e+00
0.0000000000e+00
0.0000000000e+00
0.0000000000e+00
0.0000000000e+00
0.0000000000e+00
0.0000000000e+00
0.0000000000e+00
0.0000000000e+00
0.0000000000e+00
0.0000000000e+00
0.0000000000e+00
0.0000000000e+00
0.0000000000e+00
0.0000000000e+00
0.0000000000e+00
0.0000000000e+00
0.0000000000e+00
0.0000000000e+00
0.0000000000e+00
0.0000000000e+00
0.0000000000e+00
0.0000000000e+00
0.0000000000e+00
0.0000000000e+00
0.0000000000e+00
0.0000000000e+00
0.0000000000e+00
0.0000000000e+00
0.0000000000e+00
0.0000000000e+00
0.0000000000e+00
0.0000000000e+00
0.0000000000e+00
0.0000000000e+00
0.0000000000e+00
0.0000000000e+00
0.0000000000e+00
0.0000000000e+00
0.0000000000e+00
0.0000000000e+00
0.0000000000e+00
0.0000000000e+00
0.0000000000e+00
0.0000000000e+00
0.0000000000e+00
0.0000000000e+00
0.0000000000e+00
0.0000000000e+00
0.0000000000e+00
0.0000000000e+00
0.0000000000e+00
0.0000000000e+00
0.0000000000e+00
0.0000000000e+00
0.0000000000e+00
0.0000000000e+00
0.0000000000e+00
0.0000000000e+00
0.0000000000e+00
0.0000000000e+00
0.0000000000e+00
0.0000000000e+00
0.0000000000e+00
0.0000000000e+00
0.0000000000e+00
0.0000000000e+00
0.0000000000e+00
0.0000000000e+00
0.0000000000e+00
0.0000000000e+00
0.0000000000e+00
0.0000000000e+00
0.0000000000e+00
0.0000000000e+00
0.0000000000e+00
0.0000000000e+00
0.0000000000e+00
0.0000000000e+00
0.0000000000e+00
0.0000000000e+00
0.0000000000e+00
0.0000000000e+00
0.0000000000e+00
0.0000000000e+00
0.0000000000e+00
0.0000000000e+00
0.0000000000e+00
0.0000000000e+00
0.0000000000e+00
0.0000000000e+00
0.0000000000e+00
0.0000000000e+00
0.0000000000e+00
0.0000000000e+00
0.0000000000e+00
0.0000000000e+00
0.0000000000e+00
0.0000000000e+00
0.0000000000e+00
0.0000000000e+00
0.0000000000e+00
0.0000000000e+00
0.0000000000e+00
0.0000000000e+00
0.0000000000e+00
0.0000000000e+00
0.0000000000e+00
0.0000000000e+00
6.5550197845e-13
8.7594738660e-11
5.0152250641e-10
1.3480770942e-09
2.5712520603e-09
4.1024916886e-09
5.4620659747e-09
5.9247652238e-09
5.0830607781e-09
3.0208806222e-09
2.2379759174e-09
2.7382510850e-09
4.4414696811e-09
7.3422381104e-09
1.0728322457e-08
1.2233262988e-08
1.2000448600e-08
7.2229830599e-09
4.2453669629e-09
1.9925718941e-09
4.8938422520e-10
8.4630955656e-11
1.4428279531e-10
8.7181675682e-12
1.0884204922e-13
1.1364642204e-12
1.4944504498e-10
5.5118514689e-10
1.1631711296e-09
1.9802889040e-09
2.8945743693e-09
3.3042697208e-09
3.2338089391e-09
1.9336522299e-09
2.3221457172e-09
5.0851789971e-09
1.0129892814e-08
1.7648972907e-08
2.6707625512e-08
3.2267071891e-08
3.3851742825e-08
2.4840032277e-08
1.7900906772e-08
1.1511049321e-08
6.1654994065e-09
3.5650928925e-09
3.0785882085e-09
3.4154878558e-09
5.0521570060e-09
7.4608827637e-09
9.1708942748e-09
1.0125461392e-08
8.2845958375e-09
7.3284725678e-09
5.9736843559e-09
4.2075634610e-09
2.7666011655e-09
1.5641438194e-09
8.2891792670e-10
7.5347592971e-10
1.1150136205e-09
1.7974876361e-09
2.6052253188e-09
2.9581867505e-09
2.8945266399e-09
1.7226782164e-09
1.0121433867e-09
4.7148588916e-10
1.1189524878e-10
1.8818746385e-11
3.5094418934e-11
1.5258443015e-12
0.0000000000e+00
0.0000000000e+00
0.0000000000e+00
0.0000000000e+00
0.0000000000e+00
0.0000000000e+00
0.0000000000e+00
0.0000000000e+00
0.0000000000e+00
0.0000000000e+00
0.0000000000e+00
0.0000000000e+00
0.0000000000e+00
0.0000000000e+00
0.0000000000e+00
0.0000000000e+00
0.0000000000e+00
0.0000000000e+00
0.0000000000e+00
0.0000000000e+00
0.0000000000e+00
0.0000000000e+00
0.0000000000e+00
0.0000000000e+00
0.0000000000e+00
0.0000000000e+00
0.0000000000e+00
0.0000000000e+00
0.0000000000e+00
0.0000000000e+00
0.0000000000e+00
0.0000000000e+00
0.0000000000e+00
0.0000000000e+00
0.0000000000e+00
0.0000000000e+00
0.0000000000e+00
0.0000000000e+00
0.0000000000e+00
0.0000000000e+00
0.0000000000e+00
0.0000000000e+00
0.0000000000e+00
0.0000000000e+00
0.0000000000e+00
0.0000000000e+00
0.0000000000e+00
0.0000000000e+00
0.0000000000e+00
0.0000000000e+00
0.0000000000e+00
0.0000000000e+00
0.0000000000e+00
0.0000000000e+00
0.0000000000e+00
0.0000000000e+00
0.0000000000e+00
8.5449433898e-12
1.1244486466e-09
4.2479972466e-09
9.1282161431e-09
1.5696686637e-08
2.3138090447e-08
2.6852963913e-08
2.6607464441e-08
1.6714797020e-08
9.8376973523e-09
4.7452292010e-09
1.3054556524e-09
2.4482645108e-10
3.0938947849e-10
4.0023800937e-11
1.1828863414e-12
0.0000000000e+00
0.0000000000e+00
0.0000000000e+00
0.0000000000e+00
0.0000000000e+00
0.0000000000e+00
0.0000000000e+00
0.0000000000e+00
0.0000000000e+00
0.0000000000e+00
0.0000000000e+00
0.0000000000e+00
0.0000000000e+00
0.0000000000e+00
0.0000000000e+00
0.0000000000e+00
0.0000000000e+00
0.0000000000e+00
0.0000000000e+00
0.0000000000e+00
0.0000000000e+00
0.0000000000e+00
0.0000000000e+00
0.0000000000e+00
0.0000000000e+00
0.0000000000e+00
0.0000000000e+00
0.0000000000e+00
0.0000000000e+00
0.0000000000e+00
0.0000000000e+00
0.0000000000e+00
7.0865641699e-14
9.6217780843e-12
7.4207261652e-11
2.1945989175e-10
4.3354881736e-10
7.0837854461e-10
9.7764582713e-10
1.0824642628e-09
9.8204437910e-10
5.8355070485e-10
3.3427769490e-10
1.4821078474e-10
3.4635096479e-11
8.0493693567e-12
1.0557942396e-11
6.2632732506e-13
2.5034128569e-11
4.0268677729e-10
1.3536362434e-09
2.7848364491e-09
4.6690291265e-09
6.6845077479e-09
7.5492240101e-09
7.2006361120e-09
4.2938652116e-09
3.8927937100e-09
6.3562710648e-09
1.1365278262e-08
1.9031796007e-08
2.7942744028e-08
3.2064404255e-08
3.1569642330e-08
1.9306291722e-08
1.1353281231e-08
5.3843660787e-09
1.3833807875e-09
2.4753552982e-10
3.7498731833e-10
3.1944770114e-11
6.9627560188e-13
0.0000000000e+00
0.0000000000e+00
0.0000000000e+00
0.0000000000e+00
0.0000000000e+00
0.0000000000e+00
0.0000000000e+00
0.0000000000e+00
1.6989062168e-12
2.2453218481e-10
9.7249949583e-10
2.3456488220e-09
4.3852763706e-09
6.9430261032e-09
8.9958481241e-09
9.9387553079e-09
8.3829442343e-09
6.0076672219e-09
3.7661809374e-09
1.8088752479e-09
7.4608655377e-10
3.0607068296e-10
9.1691377101e-11
2.4545956025e-11
1.3800994784e-11
5.7012764508e-13
0.0000000000e+00
0.0000000000e+00
0.0000000000e+00
0.0000000000e+00
0.0000000000e+00
0.0000000000e+00
4.5007237539e-12
5.9226759892e-10
2.2383999452e-09
4.8113670238e-09
8.2748634171e-09
1.2199419455e-08
1.4161771507e-08
1.4035010949e-08
8.8239868166e-09
5.1935973499e-09
2.5063986153e-09
6.9087373105e-10
1.2973017045e-10
1.6308983722e-10
2.1324757854e-11
6.3363792273e-13
2.6334645435e-13
3.4630058748e-11
1.2772303036e-10
2.6953509603e-10
4.5888119671e-10
6.7074341924e-10
7.6567981604e-10
7.4935233587e-10
4.5073401185e-10
8.8798413662e-10
2.4864842498e-09
5.1091713246e-09
8.7401798009e-09
1.2884963916e-08
1.4942136149e-08
1.4804122351e-08
9.2972452764e-09
5.4719573094e-09
2.6389358585e-09
7.2549285364e-10
1.3599856526e-10
1.7218168165e-10
2.2189081537e-11
1.8304951187e-12
1.5673544575e-10
8.4575538556e-10
2.2193696808e-09
4.1927014063e-09
6.6446081129e-09
8.7534469052e-09
9.4355468288e-09
7.9509709579e-09
4.7294003796e-09
4.2778778925e-09
7.2927605339e-09
1.3500842034e-08
2.2806950310e-08
3.3508937101e-08
3.8655023510e-08
3.8188008157e-08
2.3696283093e-08
1.3941338328e-08
6.6733354359e-09
1.7812552283e-09
3.2741440283e-10
4.4845484349e-10
4.8769238610e-11
3.9366468021e-12
3.4959731695e-10
1.7083693778e-09
4.2853752601e-09
7.9441958723e-09
1.2419887168e-08
1.6006535004e-08
1.7026512430e-08
1.3987898839e-08
9.1911335962e-09
8.8459357303e-09
1.3484327693e-08
2.2867839716e-08
3.5734645724e-08
4.8776843711e-08
5.3283771922e-08
4.9651127516e-08
3.1455908175e-08
1.8024932385e-08
8.5185446740e-09
2.4846818327e-09
5.3826179886e-10
5.1202040621e-10
8.6882036696e-11
6.9121816784e-11
4.3599518077e-10
1.4250551955e-09
3.1166068796e-09
5.3994924230e-09
7.8647712491e-09
9.5913395721e-09
9.4787894352e-09
7.3272770235e-09
4.2828215834e-09
2.8508980099e-09
3.1264418862e-09
5.0370879692e-09
8.3689504526e-09
1.2261534022e-08
1.4143481775e-08
1.3993203599e-08
8.7408256828e-09
5.1436051259e-09
2.4723382377e-09
6.7090754772e-10
1.2469728311e-10
1.6345845730e-10
1.9713935542e-11
2.0116870048e-11
3.1852540038e-10
1.3242401613e-09
3.1479064531e-09
5.6931973407e-09
8.6985058003e-09
1.0966765320e-08
1.1404832325e-08
8.9858763741e-09
5.3182678979e-09
4.4739590244e-09
7.1924944622e-09
1.3321381801e-08
2.2658867381e-08
3.3427894422e-08
3.8894790437e-08
3.8853321652e-08
2.4859130413e-08
1.5137043168e-08
7.4217194560e-09
2.2538754388e-09
5.4375319136e-10
4.9138163547e-10
2.6789105659e-10
1.1784186395e-09
3.4663471477e-09
7.6555777500e-09
1.3748255245e-08
2.0499819888e-08
2.6019415124e-08
2.7537359788e-08
2.3816756197e-08
1.7355416333e-08
9.8672372838e-09
7.3785661379e-09
1.0467093121e-08
1.8266516583e-08
2.9965836785e-08
4.2642067711e-08
4.8480985812e-08
4.6164820870e-08
2.8866847187e-08
1.6787749335e-08
7.9064007735e-09
2.1519452003e-09
4.5440455292e-10
5.0703842432e-10
6.4727699172e-11
1.6107119798e-11
3.8087921266e-10
1.6705587821e-09
4.0300267151e-09
7.3401956299e-09
1.1300167168e-08
1.4313833294e-08
1.4994666714e-08
1.1833729290e-08
7.0116548825e-09
5.5091724904e-09
8.0315197758e-09
1.4453399169e-08
2.4469667820e-08
3.6036541917e-08
4.1882414325e-08
4.1616427250e-08
2.6464154608e-08
1.5581700913e-08
7.5719274979e-09
2.1428351443e-09
4.0913222578e-10
4.7909424421e-10
7.2083082006e-11
2.6215792442e-12
4.6713106434e-11
4.2833123710e-10
1.3195815297e-09
2.6428091847e-09
4.3566995509e-09
6.0909113306e-09
6.7920154263e-09
6.2761333547e-09
3.7434084813e-09
3.8024989204e-09
7.2633856045e-09
1.3850443430e-08
2.3561749608e-08
3.4835301492e-08
4.0587904016e-08
4.0387569880e-08
2.5832686567e-08
1.5212627422e-08
7.4184656494e-09
2.1267811206e-09
4.0930295118e-10
4.6269451908e-10
7.4388385950e-11
2.4159452086e-12
0.0000000000e+00
0.0000000000e+00
0.0000000000e+00
0.0000000000e+00
0.0000000000e+00
0.0000000000e+00
0.0000000000e+00
0.0000000000e+00
5.4586768364e-12
7.1896986025e-10
2.7991903647e-09
6.1465760314e-09
1.0692716276e-08
1.5913844447e-08
1.8809974813e-08
1.8887502033e-08
1.2527567229e-08
7.3854390398e-09
3.6781836990e-09
1.1352668316e-09
2.2790971081e-10
2.0967069179e-10
4.8581231816e-11
8.0229337011e-11
4.8931363800e-10
1.6051524351e-09
3.5461890567e-09
6.1760478838e-09
9.0290776738e-09
1.1113652706e-08
1.1043854804e-08
8.7313826156e-09
5.1130378885e-09
4.2680337326e-09
7.0247800870e-09
1.3184230404e-08
2.2485121553e-08
3.3294309321e-08
3.9006758667e-08
3.9074694732e-08
2.5466779059e-08
1.5279581168e-08
7.5537672887e-09
2.3199096396e-09
5.1691564789e-10
4.6521045258e-10
8.0061825375e-11
1.1023682625e-11
3.7002979743e-13
0.0000000000e+00
0.0000000000e+00
0.0000000000e+00
0.0000000000e+00
0.0000000000e+00
0.0000000000e+00
0.0000000000e+00
7.8188138518e-12
1.0297195002e-09
3.9961382718e-09
8.8550924913e-09
1.5585890385e-08
2.3409031685e-08
2.8034109977e-08
2.8736503075e-08
1.9915722124e-08
1.2625336247e-08
6.4879735387e-09
2.3555964300e-09
6.7762363937e-10
3.8448287634e-10
7.9534826493e-11
3.1403316009e-11
2.7611187539e-10
1.4019714322e-09
3.5883965727e-09
6.7095673838e-09
1.0555394059e-08
1.3743235087e-08
1.4784948306e-08
1.2846002648e-08
9.8320665634e-09
1.1972107873e-08
1.9982253044e-08
3.3225700294e-08
4.9480672920e-08
6.4375469932e-08
6.8053244194e-08
6.2204363660e-08
4.0571455944e-08
2.3839287780e-08
1.1500515895e-08
3.8875881845e-09
1.0711605829e-09
6.6544741057e-10
1.3124029070e-10
1.8648663474e-10
9.7812981272e-10
3.1328938701e-09
6.7982261492e-09
1.1727033571e-08
1.6995103081e-08
2.0650794930e-08
2.0385205882e-08
1.6441726852e-08
1.1970393542e-08
1.3186310154e-08
2.0833539620e-08
3.4111294226e-08
5.0437918886e-08
6.5162180637e-08
6.8685577920e-08
6.2654700854e-08
4.0929819998e-08
2.4159439882e-08
1.1676360298e-08
3.9937814250e-09
1.1282979973e-09
6.7758550208e-10
1.3088677957e-10
3.9207886359e-11
4.0860840315e-10
1.9480103205e-09
4.8351779927e-09
8.9222550270e-09
1.3901874019e-08
1.7818004561e-08
1.9044848531e-08
1.6116887951e-08
1.2108691244e-08
1.3635724505e-08
2.1239700412e-08
3.4080689367e-08
4.9989538256e-08
6.4055873368e-08
6.7634218731e-08
6.1962068753e-08
4.0549671297e-08
2.3967026690e-08
1.1653033050e-08
3.9816235327e-09
1.1101032167e-09
6.7207949592e-10
1.3368535134e-10
3.5108000310e-11
1.6613589021e-12
4.1246514634e-11
1.5212592850e-10
3.2103275839e-10
5.4655552662e-10
7.9889637090e-10
9.1202063887e-10
9.0145567948e-10
8.9305336456e-10
3.4891779517e-09
1.0180124143e-08
2.0671022790e-08
3.4615808379e-08
4.9242003498e-08
5.6517674372e-08
5.3941329367e-08
3.5290111647e-08
2.0989357947e-08
1.0161243023e-08
3.1906265487e-09
8.2117664100e-10
6.0304907591e-10
1.1079639174e-10
2.0163557361e-11
1.5884509508e-10
8.5105414273e-10
2.2305516972e-09
4.2117386937e-09
6.6724347820e-09
8.7852121350e-09
9.4666346917e-09
7.9695003466e-09
4.7446723397e-09
4.4015093348e-09
7.8362711692e-09
1.4929455018e-08
2.5626773251e-08
3.8117387672e-08
4.4928971422e-08
4.5415519014e-08
3.0309078673e-08
1.8867338678e-08
9.6560591256e-09
3.2920644336e-09
1.4249605812e-09
2.6314508617e-09
4.7737027897e-09
8.8032480533e-09
1.4256626322e-08
1.9305649889e-08
2.3294318288e-08
2.2754927331e-08
2.1655466682e-08
1.9035922063e-08
1.4831869152e-08
1.0326074073e-08
5.9405121384e-09
5.4594967623e-09
9.8460398785e-09
1.8435695388e-08
3.0723806074e-08
4.4047278104e-08
5.0584294159e-08
4.8688270363e-08
3.1295063076e-08
1.8502008415e-08
8.9065592644e-09
2.6522189314e-09
6.2510285378e-10
5.4832365817e-10
8.7651420782e-11
1.0934535292e-11
3.5804240566e-13
0.0000000000e+00
0.0000000000e+00
0.0000000000e+00
0.0000000000e+00
0.0000000000e+00
0.0000000000e+00
0.0000000000e+00
1.1766815512e-11
1.5495827967e-09
6.0031018359e-09
1.3234708531e-08
2.3178460436e-08
3.4676985166e-08
4.1282847603e-08
4.1985943923e-08
2.8570345258e-08
1.7715197599e-08
9.0001639017e-09
3.1058480248e-09
8.2359790351e-10
5.3266630102e-10
1.0947709282e-10
3.0075929120e-11
1.1611345165e-12
0.0000000000e+00
0.0000000000e+00
0.0000000000e+00
0.0000000000e+00
0.0000000000e+00
0.0000000000e+00
0.0000000000e+00
1.0358035934e-11
1.3640133486e-09
5.2792511120e-09
1.1749198524e-08
2.0949945869e-08
3.2012117374e-08
3.9320683344e-08
4.1986468388e-08
3.2211481179e-08
2.4052198894e-08
1.6126895691e-08
9.4794678550e-09
6.1499097512e-09
5.6857721674e-09
6.8178577861e-09
1.1046213851e-08
1.7989107508e-08
2.5883005082e-08
3.3537219770e-08
3.6587068966e-08
3.7335490024e-08
3.4326629613e-08
2.7405542690e-08
1.9211329912e-08
1.1653181427e-08
1.0150188187e-08
1.5271552113e-08
2.6300494619e-08
4.1685661016e-08
5.8025007838e-08
6.5755768393e-08
6.4805204313e-08
4.7443005599e-08
3.2515720262e-08
1.9013870439e-08
8.6377182414e-09
3.6781088092e-09
1.7493211680e-09
5.9709296688e-10
1.1483543866e-09
3.2849117650e-09
7.4077957938e-09
1.3589130590e-08
2.0699677487e-08
2.6784220705e-08
2.8986564464e-08
2.5639715827e-08
1.9441255851e-08
1.3143797490e-08
1.2980141415e-08
1.9699179791e-08
3.2147967177e-08
4.8071315367e-08
6.3230208014e-08
6.8791319528e-08
6.5650033270e-08
4.6175695553e-08
3.0036570292e-08
1.6490305425e-08
7.0168196780e-09
2.7085415126e-09
1.3188288859e-09
5.2576737174e-10
1.0605649254e-09
2.6258048332e-09
5.4564412771e-09
9.4790138750e-09
1.3636566966e-08
1.6920599638e-08
1.7190705195e-08
1.4810396888e-08
1.0627571251e-08
5.8467060871e-09
3.7110213923e-09
4.3497850003e-09
7.3778530704e-09
1.2536423095e-08
1.8726947817e-08
2.2291671913e-08
2.2835664424e-08
1.5792740259e-08
1.0153894914e-08
5.4118562878e-09
2.0233500362e-09
6.5774869176e-10
3.8009393666e-10
1.4361326379e-10
3.9760343100e-10
1.1253991495e-09
2.4722844385e-09
4.4337520766e-09
6.6029060499e-09
8.3795701958e-09
8.8426536824e-09
7.6487184618e-09
5.5236468972e-09
3.0678650837e-09
1.7681930657e-09
1.6195465322e-09
2.4977200259e-09
4.2571924773e-09
6.4948148858e-09
7.9989347170e-09
8.5651334457e-09
6.6206340701e-09
4.8216432164e-09
3.0419266532e-09
1.5453787391e-09
1.0875728579e-09
1.8521451625e-09
3.4554941537e-09
6.0732380008e-09
9.4562067496e-09
1.2101737845e-08
1.3824832197e-08
1.2219574577e-08
1.1125603726e-08
9.5252666462e-09
7.2729634271e-09
5.1087993286e-09
2.8903373356e-09
2.0891985989e-09
3.2161361132e-09
6.1330719284e-09
1.0772728718e-08
1.6409763611e-08
2.0188231737e-08
2.1567001533e-08
1.6571731300e-08
1.2120679267e-08
8.0178981398e-09
4.8701931338e-09
3.6507445041e-09
3.8034319427e-09
5.9963627741e-09
1.0492293677e-08
1.7122842565e-08
2.4253573273e-08
3.0464953425e-08
3.1726325726e-08
3.0656173602e-08
2.6931775697e-08
2.0911017833e-08
1.4448675866e-08
8.9253261533e-09
8.7720761907e-09
1.4682886915e-08
2.5929035720e-08
4.0910276075e-08
5.6238947150e-08
6.2578678971e-08
5.9593898106e-08
4.0520832605e-08
2.5207023477e-08
1.3096227444e-08
5.3226626618e-09
2.4343303802e-09
3.3502544075e-09
5.7719090421e-09
1.0582777643e-08
1.7439017232e-08
2.4235676047e-08
2.9920561483e-08
3.0336270572e-08
2.9320248619e-08
2.5750362505e-08
1.9678916308e-08
1.3221726550e-08
7.2078132949e-09
4.3596812955e-09
4.8846995297e-09
8.2574167893e-09
1.4017819159e-08
2.0941067540e-08
2.4972529856e-08
2.5566518147e-08
1.7675172399e-08
1.1168404194e-08
5.7305387017e-09
2.0706883028e-09
1.1485578296e-09
2.5790863589e-09
5.2760757342e-09
9.7904682062e-09
1.5866410047e-08
2.1499610904e-08
2.6020434933e-08
2.5539899768e-08
2.4624650460e-08
2.1911379957e-08
1.7190357247e-08
1.1922745926e-08
6.6295394835e-09
4.3485697353e-09
5.5239878039e-09
9.8032700232e-09
1.7051931460e-08
2.6100887572e-08
3.2189708231e-08
3.4647161879e-08
2.7012993581e-08
2.0486972343e-08
1.3715464477e-08
7.7053594932e-09
4.8694063104e-09
5.5043163319e-09
8.3453030313e-09
1.3915447668e-08
2.1226554150e-08
2.7353484677e-08
3.1015459727e-08
2.8453088091e-08
2.5767733153e-08
2.1654732037e-08
1.6272910598e-08
1.1010331541e-08
6.0866952827e-09
4.3164051021e-09
6.5541893530e-09
1.2395149232e-08
2.1496187429e-08
3.2332332617e-08
3.8915624554e-08
4.0096576188e-08
2.8296083649e-08
1.7960632065e-08
9.3105572897e-09
3.4615474869e-09
9.9785645146e-10
5.3213018520e-10
1.2518927620e-10
4.2683297820e-11
1.6881533487e-12
0.0000000000e+00
0.0000000000e+00
0.0000000000e+00
0.0000000000e+00
0.0000000000e+00
0.0000000000e+00
0.0000000000e+00
7.4107979349e-13
9.8071486222e-11
4.4139212105e-10
1.1253808386e-09
2.1727434077e-09
3.4928150987e-09
4.6313717161e-09
5.2282631021e-09
4.5329731781e-09
3.2769806969e-09
1.8674336837e-09
9.0497125284e-10
6.9067868087e-10
1.6192102124e-09
3.7829237126e-09
7.3958308399e-09
1.2512333380e-08
1.7960693532e-08
2.2909746941e-08
2.4435916957e-08
2.4490444570e-08
2.2394095095e-08
1.7930833738e-08
1.2480898200e-08
6.8813726517e-09
4.5762107023e-09
5.8407209995e-09
1.0302509229e-08
1.7833993854e-08
2.7261794583e-08
3.3619389065e-08
3.6478685812e-08
2.9094774998e-08
2.3502366641e-08
1.7779465937e-08
1.2192228382e-08
9.0947454965e-09
8.6322725055e-09
9.7769258874e-09
1.3676697133e-08
1.9254489355e-08
2.3434016123e-08
2.5097462238e-08
2.0754035630e-08
1.6722632753e-08
1.2278544780e-08
7.9726916846e-09
4.8187907356e-09
2.5929082846e-09
1.1497107229e-09
4.2785297480e-10
1.1661543198e-10
3.9913923231e-11
2.2127186339e-11
9.1058379995e-13
0.0000000000e+00
0.0000000000e+00
0.0000000000e+00
0.0000000000e+00
1.2883320418e-12
1.7023518892e-10
7.3367098076e-10
1.8569905165e-09
3.7598720272e-09
6.5543537682e-09
9.6969003069e-09
1.2734285948e-08
1.4096748982e-08
1.4479467039e-08
1.3310667387e-08
1.0615721860e-08
7.2553416249e-09
3.9641916673e-09
2.3498195620e-09
2.4233014513e-09
3.9937406631e-09
6.8259106876e-09
1.0276891125e-08
1.2427807736e-08
1.2903849714e-08
9.2756114320e-09
5.9916891411e-09
3.1370548666e-09
1.2133528208e-09
5.1534744162e-10
1.0052954296e-09
2.5854704612e-09
5.8084665222e-09
1.0869637978e-08
1.7301651454e-08
2.3788114149e-08
2.7910700847e-08
2.8389091656e-08
2.5304056048e-08
1.9439154007e-08
1.2845986726e-08
6.7772116593e-09
4.3989221084e-09
5.8689363694e-09
1.0673134702e-08
1.8351886963e-08
2.7524615786e-08
3.3014964334e-08
3.3926695329e-08
2.3750418692e-08
1.5037302370e-08
7.7709782583e-09
2.9865833831e-09
2.1382021791e-09
4.9183815992e-09
1.0016425860e-08
1.8092887471e-08
2.8292976903e-08
3.7479488957e-08
4.3650867311e-08
4.2194229741e-08
3.9414085182e-08
3.3915193780e-08
2.5935913133e-08
1.7803747286e-08
1.0802990104e-08
9.6090245052e-09
1.4966704739e-08
2.6136495850e-08
4.1501894790e-08
5.7361436346e-08
6.4429707723e-08
6.1955237893e-08
4.3141401933e-08
2.7537007072e-08
1.4588883811e-08
6.7518341966e-09
4.8973843196e-09
7.6267169531e-09
1.2935527968e-08
2.2008620653e-08
3.3289937781e-08
4.3518557613e-08
5.0034867749e-08
4.8649296506e-08
4.5820792054e-08
4.0047480459e-08
3.1203400439e-08
2.1902786395e-08
1.3401060511e-08
1.1457256448e-08
1.6493624891e-08
2.7691927417e-08
4.3308613204e-08
6.0093092762e-08
6.8749275535e-08
7.0021024679e-08
5.6524590304e-08
4.6178920835e-08
3.6525582701e-08
2.7983288007e-08
2.2064086583e-08
1.9926908905e-08
2.1295534332e-08
2.8201216906e-08
3.8327180724e-08
4.7254020892e-08
5.2284093668e-08
4.9510607077e-08
4.5051035919e-08
3.7922220589e-08
2.8500286817e-08
1.9348271588e-08
1.1654596549e-08
1.0106047222e-08
1.5383345448e-08
2.6657556459e-08
4.2107694917e-08
5.8310822724e-08
6.5595213963e-08
6.4016022203e-08
4.6022299964e-08
3.1058498194e-08
1.9782269229e-08
1.4271640506e-08
1.5785508088e-08
2.2324886371e-08
3.0215201082e-08
3.9801001779e-08
4.8986901183e-08
5.5158345070e-08
5.8043404575e-08
5.3731497547e-08
4.8573544872e-08
4.1115145249e-08
3.1310423924e-08
2.1322350601e-08
1.2536621071e-08
1.0134979879e-08
1.4613327440e-08
2.5325501737e-08
4.1174221957e-08
5.9071768435e-08
7.0137277732e-08
7.3738618358e-08
6.1793437771e-08
5.2294116211e-08
4.3183576327e-08
3.5721921643e-08
3.2421533885e-08
3.2836298757e-08
3.5504611947e-08
4.2196278049e-08
5.1229910415e-08
5.9514565199e-08
6.5641813678e-08
6.4400755139e-08
6.0803487614e-08
5.3086825948e-08
4.1480716465e-08
2.9504841475e-08
1.9628786544e-08
1.8551364272e-08
2.6306566800e-08
4.0840359624e-08
5.9859094285e-08
7.7934758439e-08
8.7659532642e-08
8.9455609604e-08
7.5180795624e-08
6.3453457213e-08
5.2175315769e-08
4.1974424234e-08
3.5277545040e-08
3.2103827510e-08
3.1667692084e-08
3.5916083220e-08
4.3295937075e-08
4.9788033175e-08
5.3706557446e-08
5.0291766872e-08
4.5748463301e-08
3.8631156085e-08
2.9176656047e-08
1.9562324174e-08
1.0695956191e-08
7.0855084940e-09
9.2341410374e-09
1.6420283324e-08
2.8262066843e-08
4.2639598043e-08
5.1843677650e-08
5.4622789363e-08
4.1241264559e-08
3.0121950044e-08
1.9157383472e-08
9.8852322631e-09
5.2257170209e-09
4.9801135290e-09
6.8550649096e-09
1.1734957076e-08
1.8867033424e-08
2.5641395607e-08
3.0958420411e-08
3.0427326389e-08
2.8847352148e-08
2.5315961914e-08
1.9750714473e-08
1.3537846964e-08
7.5191411155e-09
5.6064406153e-09
8.7702847107e-09
1.6607428750e-08
2.8764177973e-08
4.3156844746e-08
5.1801422057e-08
5.3373583228e-08
3.7704229028e-08
2.4530932551e-08
1.2986552418e-08
5.0022599768e-09
1.6221819507e-09
8.3974316433e-10
2.4251825357e-10
6.3875290233e-10
2.0836065828e-09
5.1311631819e-09
9.8761814784e-09
1.5681935297e-08
2.0956736482e-08
2.3719442629e-08
2.1440109837e-08
1.6215345132e-08
9.6959135863e-09
8.0000129695e-09
1.1989244757e-08
2.1379722694e-08
3.5306698722e-08
5.0579104893e-08
5.8837631165e-08
5.8200287801e-08
4.1303241684e-08
2.7083117554e-08
1.4593545463e-08
5.8820520701e-09
2.1610787338e-09
1.0440908606e-09
5.0390719841e-10
1.4679143670e-09
3.8618578937e-09
8.1462065855e-09
1.4250682892e-08
2.0655668576e-08
2.5716655353e-08
2.6344119744e-08
2.2617464556e-08
1.6266671095e-08
8.9587233194e-09
5.6442962474e-09
6.5905465178e-09
1.1416656537e-08
2.0049559467e-08
3.1239565796e-08
3.9752904730e-08
4.4890259117e-08
3.9030034197e-08
3.4336696093e-08
2.8584947417e-08
2.2687059699e-08
1.9347217370e-08
1.9425733151e-08
2.2578095353e-08
3.0066144223e-08
4.0807055036e-08
5.0840479404e-08
5.7641283588e-08
5.6272567317e-08
5.2806855624e-08
4.5763789060e-08
3.5807006452e-08
2.6479561947e-08
1.9618922989e-08
2.1281289617e-08
3.1668515199e-08
4.8023176490e-08
6.7735670632e-08
8.4118163700e-08
9.1493467132e-08
8.9674804878e-08
7.0089677307e-08
5.2341417266e-08
3.5519330098e-08
2.2384140138e-08
1.5924021443e-08
1.5424669713e-08
2.0928738493e-08
3.1858901184e-08
4.6187285743e-08
5.9126068624e-08
6.8332553564e-08
6.8337014753e-08
6.5116765428e-08
5.7842050450e-08
4.7679472799e-08
3.8809530763e-08
3.3771422793e-08
3.9854895742e-08
5.4287802191e-08
7.3361654755e-08
9.0309290838e-08
1.0362259753e-07
1.0662655588e-07
9.9649689008e-08
7.5869732352e-08
5.4687036436e-08
3.5588571829e-08
2.0920648036e-08
1.4159254145e-08
1.5055011681e-08
2.1605849735e-08
3.4023825544e-08
5.0054862979e-08
6.5003961096e-08
7.5939262689e-08
7.7134785906e-08
7.4401685997e-08
6.6039897854e-08
5.3363880465e-08
4.0712681125e-08
3.1337307785e-08
3.2880001808e-08
4.3153248193e-08
5.8580981700e-08
7.4148828321e-08
8.6468877172e-08
8.9964379568e-08
8.5735219506e-08
6.6495066523e-08
5.1334114995e-08
3.8448870135e-08
2.9421620646e-08
2.7017533832e-08
2.9388533974e-08
3.4128824185e-08
4.0627661353e-08
4.9105323999e-08
5.6012778748e-08
6.0045919971e-08
5.6760039250e-08
5.1879308754e-08
4.4103904507e-08
3.4085962256e-08
2.4056315199e-08
1.6159877677e-08
1.6167847378e-08
2.4453863858e-08
3.9590661415e-08
5.9175207879e-08
7.7876478273e-08
8.6344999239e-08
8.4611107245e-08
6.5059090776e-08
4.7126113778e-08
3.1109124049e-08
2.0130824076e-08
1.7222279178e-08
2.1112248273e-08
2.8526344113e-08
3.8981617479e-08
5.1216160664e-08
6.1065566968e-08
6.7320699589e-08
6.5593224558e-08
6.1266098145e-08
5.2668467492e-08
4.0704743261e-08
2.9080075044e-08
2.0183696338e-08
2.0015478092e-08
2.8422042299e-08
4.2567820049e-08
6.0019023705e-08
7.4701024320e-08
8.1349495434e-08
8.0503612384e-08
6.4540130551e-08
5.2126129854e-08
4.1324182797e-08
3.3268489312e-08
3.0251982523e-08
3.1890094075e-08
3.5913072415e-08
4.2479813677e-08
4.9695813526e-08
5.4993895619e-08
5.7720756147e-08
5.3721682156e-08
4.8889215773e-08
4.1636629227e-08
3.1949897597e-08
2.2363480600e-08
1.4455534392e-08
1.3470682645e-08
1.9757248984e-08
3.1945048336e-08
4.8115596407e-08
6.4266011849e-08
7.1980808571e-08
7.2191133825e-08
5.6721867657e-08
4.4086820736e-08
3.3092993008e-08
2.5014116138e-08
2.3251102875e-08
2.6300428433e-08
3.2409722718e-08
4.0930707073e-08
4.9338399444e-08
5.5114208202e-08
5.7748558086e-08
5.3379744203e-08
4.8413786593e-08
4.1175409813e-08
3.1603900733e-08
2.2072065183e-08
1.4218285017e-08
1.3567301692e-08
2.0822053460e-08
3.5110561713e-08
5.4383361117e-08
7.4514006288e-08
8.5343717311e-08
8.7044560426e-08
7.1003423453e-08
5.5986210772e-08
4.1705144445e-08
3.0943129742e-08
2.6939080808e-08
2.9507129863e-08
3.6650605763e-08
4.8254122692e-08
6.2038124959e-08
7.3806068246e-08
8.1246940081e-08
7.9610415915e-08
7.4849687295e-08
6.5990341899e-08
5.4124977015e-08
4.3677316077e-08
3.7620721429e-08
4.3367278345e-08
5.7860470830e-08
7.7080896810e-08
9.4696849167e-08
1.0926501531e-07
1.1386575415e-07
1.0864564989e-07
8.6406037810e-08
6.6615823148e-08
4.8481472296e-08
3.5018340300e-08
2.9325397319e-08
3.0876111022e-08
3.7523399024e-08
4.9006029583e-08
6.3134060444e-08
7.5739944822e-08
8.4390195555e-08
8.3985466867e-08
8.0314505034e-08
7.2451692071e-08
6.1381228818e-08
5.1748673757e-08
4.6872977705e-08
5.3964103819e-08
6.9406657732e-08
8.7588927633e-08
1.0416205088e-07
1.1754039873e-07
1.2054128278e-07
1.1372378936e-07
9.0089238156e-08
6.8800687690e-08
4.9837395269e-08
3.6076020860e-08
3.0045339664e-08
3.1784376849e-08
3.9502712372e-08
5.2257945912e-08
6.7286756391e-08
7.9623072730e-08
8.6576616032e-08
8.3447604864e-08
7.6773831343e-08
6.6754214661e-08
5.4596766777e-08
4.4266025252e-08
3.8091358690e-08
4.3446076229e-08
5.7069459717e-08
7.4824899022e-08
9.1400891789e-08
1.0544635968e-07
1.0994298932e-07
1.0588437012e-07
8.5372044305e-08
6.6628305130e-08
4.8032270706e-08
3.1982879228e-08
2.3014604620e-08
2.1162019277e-08
2.5642967933e-08
3.5683158135e-08
4.8654284937e-08
6.0696577114e-08
6.9319245792e-08
6.9101297423e-08
6.5753271388e-08
5.8269014604e-08
4.7673111659e-08
3.7521804550e-08
3.1015108611e-08
3.5244442312e-08
4.7931407538e-08
6.5784502207e-08
8.3109578814e-08
9.7077053487e-08
1.0122344671e-07
9.5735989880e-08
7.3922623283e-08
5.4401836062e-08
3.5946189615e-08
2.1305939889e-08
1.4085183846e-08
1.4015833640e-08
1.9237875819e-08
2.9663291138e-08
4.3065836892e-08
5.5048663067e-08
6.3406326556e-08
6.3461809707e-08
6.1021423415e-08
5.4481049131e-08
4.4587659806e-08
3.4981586597e-08
2.8421713995e-08
3.1852915491e-08
4.3654749617e-08
6.0762283431e-08
7.8510641500e-08
9.4060114804e-08
1.0170849157e-07
1.0214468232e-07
8.7771242749e-08
7.6795994549e-08
6.6514216371e-08
5.7971856693e-08
5.3871164577e-08
5.4008804136e-08
5.7407646056e-08
6.5140100919e-08
7.6219555753e-08
8.5881921169e-08
9.1711480411e-08
8.8273505347e-08
8.1248677653e-08
6.9335748300e-08
5.4361512074e-08
4.0950499657e-08
3.1926853775e-08
3.4451285323e-08
4.6233101159e-08
6.3881887086e-08
8.2207640714e-08
9.8793489287e-08
1.0745952941e-07
1.0871721892e-07
9.4993891322e-08
8.4451478916e-08
7.4641071191e-08
6.6500886854e-08
6.2782991759e-08
6.2753761493e-08
6.4745355143e-08
6.9088565747e-08
7.4714994115e-08
7.8767100414e-08
8.0036030769e-08
7.4277462372e-08
6.7265138511e-08
5.7143777561e-08
4.4193226952e-08
3.1916405200e-08
2.2418273570e-08
2.2268188702e-08
3.0960396179e-08
4.5708600152e-08
6.3873738728e-08
7.9895879935e-08
8.8221220365e-08
8.9122311914e-08
7.4485580045e-08
6.2669503750e-08
5.1579824520e-08
4.2326759389e-08
3.8125206184e-08
3.8860670985e-08
4.2935943279e-08
5.0418722396e-08
5.8739947204e-08
6.4921387092e-08
6.8307372056e-08
6.4710493043e-08
5.9954577389e-08
5.2229563203e-08
4.1927087020e-08
3.2316453780e-08
2.5599583421e-08
2.8583063348e-08
4.0234216440e-08
5.7658398635e-08
7.6774789352e-08
9.3319576863e-08
1.0088758368e-07
9.9394337856e-08
8.0806242698e-08
6.3980859047e-08
4.7886859989e-08
3.5177587938e-08
2.9374853777e-08
2.9838870592e-08
3.4537455384e-08
4.3233695092e-08
5.3381336985e-08
6.1106836168e-08
6.4801942321e-08
6.0864164937e-08
5.5616992085e-08
4.7399320732e-08
3.6473717862e-08
2.5648351712e-08
1.6212953966e-08
1.4176839851e-08
1.9571362359e-08
3.0825080646e-08
4.6114619456e-08
6.1361627490e-08
6.8662690838e-08
6.8598649384e-08
5.2890630903e-08
3.9572430896e-08
2.6665350645e-08
1.5886034986e-08
1.0222214629e-08
9.9968500627e-09
1.3422641207e-08
2.0782320685e-08
3.0401184518e-08
3.8456114157e-08
4.3270983711e-08
4.0988153448e-08
3.7786402417e-08
3.2299496630e-08
2.4783139720e-08
1.6885193007e-08
9.2810474324e-09
6.2647961363e-09
8.4788532280e-09
1.5402831501e-08
2.6873950792e-08
4.1084684322e-08
5.0665677248e-08
5.4755512445e-08
4.3288869184e-08
3.4401361678e-08
2.6023065748e-08
1.9672838863e-08
1.8373720655e-08
2.0855803968e-08
2.5401709235e-08
3.2245832284e-08
4.0200769409e-08
4.6623505279e-08
5.0242466245e-08
4.6980834595e-08
4.2560691141e-08
3.5766402131e-08
2.6792848182e-08
1.7869830050e-08
9.6864481916e-09
6.1810191220e-09
7.7876012040e-09
1.3972773100e-08
2.4594957023e-08
3.8249635720e-08
4.8629097409e-08
5.4986138478e-08
4.8336217544e-08
4.3965086039e-08
3.9669924627e-08
3.6026014175e-08
3.5149860838e-08
3.6425378095e-08
3.8360293998e-08
4.1931172119e-08
4.6487437098e-08
4.9676357609e-08
5.1020842919e-08
4.6718703807e-08
4.2537097506e-08
3.6416721730e-08
2.8000141533e-08
1.9117269091e-08
1.1039400603e-08
8.5666747715e-09
1.2345908071e-08
2.1809323778e-08
3.6195432569e-08
5.2644817275e-08
6.2881905893e-08
6.5422224112e-08
5.2326005345e-08
4.1533622484e-08
3.1135725087e-08
2.3016144689e-08
1.9801200982e-08
2.0955314173e-08
2.4414062789e-08
3.0576388573e-08
3.9400239759e-08
4.6663608900e-08
5.0720895472e-08
4.7925082774e-08
4.3965089062e-08
3.7336232541e-08
2.8348730026e-08
1.9085468700e-08
1.0404609480e-08
6.8185016523e-09
8.9881159659e-09
1.6402595828e-08
2.8782426972e-08
4.4153830876e-08
5.4684409082e-08
5.9011226105e-08
4.6455141990e-08
3.5280420917e-08
2.4273840466e-08
1.6073429450e-08
1.3737820583e-08
1.6533884230e-08
2.2035575691e-08
3.0867768658e-08
4.1367622959e-08
4.9339722469e-08
5.3643220490e-08
5.0649879077e-08
4.6488492667e-08
3.9716349805e-08
3.0418017524e-08
2.0774915237e-08
1.2230041607e-08
9.9170711704e-09
1.4348007380e-08
2.4843650653e-08
4.0289855988e-08
5.7480196665e-08
6.7764261280e-08
7.0216163174e-08
5.7217154176e-08
4.6916771206e-08
3.7033536363e-08
2.8824342447e-08
2.5073719207e-08
2.5354001029e-08
2.9121003085e-08
3.6590950411e-08
4.5563657195e-08
5.2684602917e-08
5.6567977536e-08
5.2891472079e-08
4.8104519797e-08
4.0820745842e-08
3.1089375720e-08
2.1028968254e-08
1.2195430606e-08
9.6976541359e-09
1.4126051143e-08
2.4936582385e-08
4.1253503162e-08
5.9768195861e-08
7.1805836401e-08
7.5667704416e-08
6.3806216129e-08
5.4956873015e-08
4.7478302701e-08
4.2968183301e-08
4.3410588232e-08
4.6892286150e-08
5.1024072465e-08
5.6281536658e-08
6.1874953128e-08
6.5447837474e-08
6.6823801580e-08
6.1745297384e-08
5.6048524408e-08
4.7650768473e-08
3.6646417076e-08
2.6381344679e-08
1.9092079196e-08
2.0482091823e-08
3.0954648710e-08
4.8040375289e-08
6.9306282184e-08
8.8420022786e-08
9.8827704653e-08
1.0036064336e-07
8.4661585824e-08
7.0288776269e-08
5.5589078382e-08
4.2326051715e-08
3.4835265508e-08
3.3433405780e-08
3.6817222079e-08
4.4881267470e-08
5.5418979814e-08
6.3986665596e-08
6.8412796215e-08
6.4607481647e-08
5.8693598882e-08
4.9540214427e-08
3.7706852004e-08
2.6326195910e-08
1.7281387247e-08
1.6446792351e-08
2.4051402975e-08
3.8516168822e-08
5.7776407408e-08
7.7147041342e-08
8.8368123647e-08
9.2055189730e-08
7.9885338292e-08
7.0242781726e-08
6.1081074237e-08
5.3633874897e-08
5.0602102439e-08
5.1090306336e-08
5.3493635756e-08
5.8185351206e-08
6.4160701045e-08
6.7957180947e-08
6.8967408190e-08
6.3254410354e-08
5.6751952594e-08
4.7809032867e-08
3.6635492734e-08
2.6126898202e-08
1.7994412340e-08
1.8026577142e-08
2.6374009141e-08
4.0847438077e-08
5.9341321369e-08
7.6577512173e-08
8.5983165264e-08
8.8214776007e-08
7.5130874481e-08
6.5435907881e-08
5.6885336218e-08
5.0281637904e-08
4.7843738340e-08
4.8901768614e-08
5.1119804410e-08
5.5246060510e-08
6.0459752583e-08
6.4225274303e-08
6.5819250117e-08
6.0966694961e-08
5.5155121829e-08
4.6475978841e-08
3.5069501782e-08
2.3667768796e-08
1.3868007399e-08
1.1028829193e-08
1.5444427039e-08
2.6249614820e-08
4.2011543040e-08
5.9606630599e-08
7.0036366698e-08
7.3399262412e-08
6.1899000771e-08
5.3647138957e-08
4.6404163243e-08
4.1032996190e-08
3.9390302236e-08
4.0323754310e-08
4.2082951032e-08
4.5500957179e-08
4.9606293099e-08
5.1949292019e-08
5.2040464702e-08
4.6214409749e-08
4.0557412460e-08
3.3520008019e-08
2.5022094342e-08
1.6700393682e-08
9.0893250704e-09
6.0569594556e-09
8.2345004099e-09
1.5101617670e-08
2.6533405416e-08
4.0971746210e-08
5.1444289568e-08
5.7123991964e-08
4.8211061738e-08
4.1850305172e-08
3.5731869069e-08
3.0874603507e-08
2.9732680033e-08
3.1547665116e-08
3.4623872048e-08
3.9608419453e-08
4.5464958650e-08
4.9553909742e-08
5.1197918312e-08
4.6560536867e-08
4.1661929765e-08
3.4933383119e-08
2.6498619999e-08
1.8201551639e-08
1.1128035499e-08
1.0078935834e-08
1.5808134622e-08
2.7799477877e-08
4.4776212050e-08
6.3586576901e-08
7.4672277911e-08
7.7731724073e-08
6.4357538755e-08
5.2716088070e-08
4.1417715590e-08
3.2821733754e-08
3.0001715043e-08
3.2170235938e-08
3.7608648416e-08
4.6196494155e-08
5.6413031420e-08
6.4502290166e-08
6.9139519811e-08
6.6160527679e-08
6.1231357955e-08
5.2912501205e-08
4.1988887820e-08
3.1635645118e-08
2.3894126396e-08
2.5593437926e-08
3.5866888080e-08
5.1870956574e-08
7.0263060136e-08
8.6193633090e-08
9.3732699702e-08
9.3117622317e-08
7.6283741727e-08
6.2046994921e-08
4.8636852070e-08
3.8075516678e-08
3.3624003136e-08
3.4546366973e-08
3.9084419925e-08
4.7029150123e-08
5.6731884536e-08
6.4474828276e-08
6.8815425839e-08
6.5846034487e-08
6.1267145310e-08
5.3156902117e-08
4.1842287999e-08
3.0637052400e-08
2.1640917982e-08
2.1637880555e-08
3.0364371220e-08
4.5315548953e-08
6.4128729246e-08
8.1298112727e-08
9.1115822578e-08
9.3593428075e-08
8.0121568179e-08
6.8893544536e-08
5.7864180766e-08
4.8940033769e-08
4.5476841606e-08
4.7213920227e-08
5.2348717485e-08
6.0832841572e-08
7.0473058321e-08
7.7509723184e-08
8.0862135225e-08
7.6531365231e-08
7.0275720961e-08
6.0623074340e-08
4.8181996363e-08
3.6659314114e-08
2.8507213110e-08
3.0941921139e-08
4.2391608316e-08
5.9785870067e-08
7.8786039604e-08
9.5913146696e-08
1.0522478542e-07
1.0739291192e-07
9.4665870142e-08
8.5367718076e-08
7.6812058411e-08
6.9564505699e-08
6.6028611835e-08
6.5427301054e-08
6.6207206784e-08
6.9202176002e-08
7.3146996911e-08
7.5298220949e-08
7.5039014323e-08
6.8134214654e-08
6.0477408019e-08
5.0421728049e-08
3.8008234577e-08
2.5930024667e-08
1.5884570638e-08
1.3560673219e-08
1.9014426189e-08
3.1044712457e-08
4.7590254322e-08
6.4986846025e-08
7.3935652542e-08
7.5901348534e-08
6.3117651939e-08
5.3997632638e-08
4.6300892572e-08
4.0840251150e-08
3.9533484618e-08
4.1152942302e-08
4.3934102694e-08
4.8513387939e-08
5.4010164872e-08
5.7871841869e-08
5.9211130145e-08
5.4034580820e-08
4.8545329813e-08
4.0948958524e-08
3.1117936598e-08
2.1434533251e-08
1.3246447418e-08
1.1829631839e-08
1.7729834935e-08
3.0235926763e-08
4.7470395793e-08
6.6008934386e-08
7.5634804462e-08
7.7179342046e-08
6.2247527884e-08
4.9205574038e-08
3.6747088755e-08
2.7648221700e-08
2.4969684188e-08
2.8256641681e-08
3.5367306551e-08
4.5756375354e-08
5.6954485562e-08
6.5159743940e-08
6.9463303060e-08
6.5979568703e-08
6.0574857872e-08
5.1789066517e-08
3.9906396629e-08
2.8190623698e-08
1.8600510933e-08
1.7360798609e-08
2.4507965118e-08
3.8077824898e-08
5.6123788910e-08
7.3711512624e-08
8.3986669066e-08
8.7440926625e-08
7.5817349720e-08
6.7476206748e-08
6.0221300102e-08
5.4899522674e-08
5.3780117072e-08
5.5613147843e-08
5.8413101980e-08
6.2915791842e-08
6.8412490375e-08
7.2159879542e-08
7.3397682466e-08
6.8074656148e-08
6.1808242757e-08
5.2552235651e-08
4.0644030081e-08
2.9376096735e-08
2.0811058898e-08
2.1424957189e-08
3.1226920141e-08
4.7585415896e-08
6.8128299727e-08
8.6580487351e-08
9.7096040351e-08
1.0026818302e-07
8.7806110794e-08
7.8272259405e-08
6.9302919089e-08
6.1981755025e-08
5.9080872454e-08
6.0317616729e-08
6.4177782018e-08
7.1305363065e-08
7.9433640420e-08
8.5288051640e-08
8.7622000590e-08
8.2182889073e-08
7.4806142999e-08
6.4220561348e-08
5.1193877906e-08
3.9529561645e-08
3.1651156175e-08
3.4725632655e-08
4.6254453474e-08
6.2907910147e-08
7.9418294551e-08
9.3918800713e-08
1.0062168331e-07
1.0043594075e-07
8.5648484123e-08
7.4109435280e-08
6.2860183833e-08
5.3197800226e-08
4.8399344635e-08
4.8031469198e-08
5.1253318093e-08
5.8361830123e-08
6.7199285034e-08
7.4105136860e-08
7.7576935014e-08
7.3239042971e-08
6.6837642036e-08
5.6999975452e-08
4.4601640533e-08
3.3247581347e-08
2.5225580907e-08
2.7198268828e-08
3.8156023675e-08
5.5243856242e-08
7.4736076777e-08
9.2291095758e-08
1.0169460034e-07
1.0334216073e-07
8.9433693599e-08
7.8588475194e-08
6.8615454375e-08
6.0626481080e-08
5.6959888477e-08
5.6835520933e-08
5.8568227693e-08
6.2703638462e-08
6.7737347119e-08
7.1005735644e-08
7.1605595769e-08
6.5627272769e-08
5.8928328471e-08
4.9751278632e-08
3.8228166409e-08
2.7376230110e-08
1.9008916798e-08
1.9139711583e-08
2.7818082212e-08
4.2717948476e-08
6.1704059931e-08
7.9227412809e-08
8.9266186695e-08
9.2534908528e-08
8.1156129933e-08
7.3462846060e-08
6.6955459076e-08
6.2116385905e-08
6.0994817735e-08
6.2578998399e-08
6.4950696738e-08
6.8893634935e-08
7.3531952018e-08
7.6407781778e-08
7.6767718034e-08
7.0572047225e-08
6.3494941000e-08
5.3642711725e-08
4.1175088529e-08
2.9245735247e-08
1.9704711990e-08
1.8802056122e-08
2.6339018232e-08
3.9899453342e-08
5.7384668301e-08
7.3391832932e-08
8.2088746691e-08
8.4261461960e-08
7.2067902461e-08
6.3841414098e-08
5.7019277370e-08
5.2017346663e-08
5.0845397613e-08
5.2300890868e-08
5.4417707670e-08
5.7790772979e-08
6.1452369976e-08
6.2913931494e-08
6.1837380651e-08
5.4703435945e-08
4.7728940939e-08
3.9429592869e-08
2.9556717876e-08
1.9875617525e-08
1.1215507702e-08
8.3924254144e-09
1.1833493915e-08
2.0933589715e-08
3.5186311817e-08
5.1785141568e-08
6.2891390419e-08
6.6662452869e-08
5.5317584807e-08
4.6686478966e-08
3.8294491013e-08
3.1563949849e-08
2.9101886589e-08
3.0382844747e-08
3.3645567620e-08
3.9393033586e-08
4.6074657962e-08
5.0941007152e-08
5.3238362409e-08
4.9202044998e-08
4.4851473007e-08
3.8312034531e-08
2.9470708806e-08
2.0234067051e-08
1.1748257380e-08
9.2550050749e-09
1.3279835027e-08
2.3249851975e-08
3.8450540057e-08
5.5982423212e-08
6.7624418593e-08
7.2214068836e-08
6.2083774789e-08
5.5153465837e-08
4.8927181572e-08
4.4354635601e-08
4.3503156636e-08
4.5386213322e-08
4.8243267239e-08
5.3041362310e-08
5.8919621906e-08
6.3286680356e-08
6.5475645834e-08
6.1258630857e-08
5.6145653094e-08
4.8330606190e-08
3.8259752742e-08
2.9187785590e-08
2.3202025808e-08
2.6595559206e-08
3.8888487711e-08
5.7240876606e-08
7.8169203963e-08
9.6367346646e-08
1.0570099811e-07
1.0630832677e-07
9.0144170673e-08
7.5742858789e-08
6.1584577724e-08
5.0259916439e-08
4.5444022597e-08
4.6650856799e-08
5.0920121651e-08
5.9321784392e-08
6.8894952792e-08
7.6067848731e-08
7.9684616866e-08
7.5498934031e-08
6.9353594700e-08
6.0106163944e-08
4.8119625823e-08
3.7006697464e-08
2.9008661810e-08
3.1320911786e-08
4.2025571616e-08
5.8164460313e-08
7.5326641397e-08
9.1164368625e-08
9.9968793976e-08
1.0237883777e-07
9.0567493220e-08
8.2584798464e-08
7.5331499400e-08
6.9562652074e-08
6.7671949943e-08
6.8965980764e-08
7.1828067660e-08
7.6971655060e-08
8.3193637125e-08
8.7663227249e-08
8.9235278678e-08
8.3637405539e-08
7.6380258779e-08
6.5844448622e-08
5.2685456107e-08
4.0718295250e-08
3.2659049360e-08
3.5931151240e-08
4.8078151906e-08
6.5971309677e-08
8.4225068948e-08
1.0125183302e-07
1.1054786163e-07
1.1243497539e-07
9.8588947174e-08
8.7054856661e-08
7.5141665645e-08
6.4533452524e-08
5.9125166409e-08
5.8812613930e-08
6.2432048263e-08
7.0026723637e-08
7.8793326101e-08
8.5035531899e-08
8.7327694079e-08
8.1522323801e-08
7.3940458924e-08
6.3417556995e-08
5.0131927611e-08
3.7590962181e-08
2.8303327889e-08
2.9437459802e-08
3.9310708449e-08
5.5002958204e-08
7.2456907772e-08
8.8330622243e-08
9.6870082237e-08
9.8913022577e-08
8.6809645034e-08
7.8903473889e-08
7.2430523433e-08
6.8189098212e-08
6.8415504306e-08
7.1830798318e-08
7.6361556376e-08
8.3053152862e-08
9.1002417913e-08
9.7600718743e-08
1.0146689188e-07
9.7441003106e-08
9.1041956303e-08
8.0716020321e-08
6.7049683856e-08
5.4423543550e-08
4.6107784206e-08
4.9497333599e-08
6.0903761027e-08
7.4899045835e-08
8.8967787793e-08
1.0178869804e-07
1.0742996125e-07
1.0716601592e-07
9.3102042912e-08
8.2809578102e-08
7.3174476985e-08
6.5039198844e-08
6.1132548803e-08
6.1070004023e-08
6.3554432893e-08
6.9325346541e-08
7.6476189174e-08
8.1980544415e-08
8.4561232990e-08
7.9836697116e-08
7.3180152347e-08
6.3068698357e-08
5.0133977869e-08
3.8149037125e-08
2.9556340831e-08
3.1687600537e-08
4.2580764414e-08
5.9120808162e-08
7.6790020438e-08
9.2798742561e-08
1.0136642785e-07
1.0323088474e-07
9.0926008105e-08
8.2711812350e-08
7.5612222390e-08
7.0072630826e-08
6.8075656140e-08
6.8443292112e-08
6.9392300311e-08
7.1758195273e-08
7.4913873277e-08
7.6371872945e-08
7.5622165780e-08
6.8525107946e-08
6.0983683541e-08
5.1166069616e-08
3.9128757273e-08
2.7834937837e-08
1.9128032160e-08
1.9025559363e-08
2.7581581895e-08
4.2623500696e-08
6.2132522276e-08
8.0792927018e-08
9.2342742780e-08
9.7551685729e-08
8.8000619085e-08
8.1589847714e-08
7.5161697658e-08
6.9321419911e-08
6.6483208450e-08
6.6339431369e-08
6.7862243081e-08
7.2427231020e-08
7.9179196490e-08
8.4522239815e-08
8.6988428044e-08
8.2025612293e-08
7.4963750486e-08
6.4325203676e-08
5.0778482539e-08
3.8100691038e-08
2.8892787928e-08
3.0049531759e-08
3.9522842028e-08
5.4313471615e-08
6.9983401721e-08
8.4331990541e-08
9.1529253976e-08
9.2528571431e-08
7.9825032315e-08
7.1546750616e-08
6.4510571525e-08
5.8996656408e-08
5.6870668143e-08
5.6916864033e-08
5.7407222386e-08
5.9464212400e-08
6.2330539651e-08
6.3751456960e-08
6.3221139934e-08
5.6683277534e-08
5.0112753609e-08
4.1740016639e-08
3.1380597071e-08
2.0939166198e-08
1.1637958822e-08
8.3473010171e-09
1.1530155739e-08
2.0629569355e-08
3.5312772436e-08
5.2693802520e-08
6.4964811056e-08
6.9579661401e-08
5.8524742871e-08
4.9874741628e-08
4.1205289449e-08
3.4304270225e-08
3.2271534377e-08
3.4157202024e-08
3.8122295979e-08
4.4000879444e-08
5.0681005690e-08
5.4929589037e-08
5.6055353948e-08
5.0483736295e-08
4.4375612658e-08
3.6515167597e-08
2.7168102712e-08
1.8003686950e-08
9.7496760104e-09
6.3800004807e-09
8.3613714799e-09
1.5075627848e-08
2.6347655783e-08
4.0625543825e-08
5.1003987816e-08
5.6906660775e-08
4.8660379954e-08
4.3678050285e-08
3.9084329636e-08
3.5246613010e-08
3.4004858951e-08
3.4693585301e-08
3.5728975890e-08
3.8342900985e-08
4.2133791403e-08
4.4758265929e-08
4.5646344124e-08
4.0872572065e-08
3.6117935212e-08
2.9959051380e-08
2.2353296831e-08
1.4891037380e-08
8.1138997623e-09
5.4606991659e-09
7.5760055718e-09
1.4008330015e-08
2.4719426613e-08
3.8374739236e-08
4.8528217671e-08
5.4294890271e-08
4.6240031691e-08
3.9864687304e-08
3.2619272217e-08
2.5483461559e-08
2.1588089631e-08
2.1472996835e-08
2.4194855730e-08
3.0287905382e-08
3.7600725771e-08
4.2885443678e-08
4.5345582321e-08
4.1400686713e-08
3.7210473074e-08
3.1404025991e-08
2.3803606851e-08
1.6116785758e-08
9.0952415483e-09
7.0678051153e-09
1.0864319521e-08
2.0124514498e-08
3.4725175116e-08
5.2126500985e-08
6.4787171697e-08
7.0195893892e-08
6.0455732302e-08
5.3033754053e-08
4.5693580092e-08
3.9959845445e-08
3.8732245221e-08
4.1233194667e-08
4.5221669871e-08
5.0870213716e-08
5.6948141525e-08
6.0763288008e-08
6.2222771902e-08
5.7483543221e-08
5.2531938715e-08
4.5389043101e-08
3.5662834603e-08
2.6378777882e-08
1.8913872529e-08
1.9733619142e-08
2.9074512689e-08
4.4604577704e-08
6.4169791528e-08
8.1806656459e-08
9.1203743706e-08
9.2733572133e-08
7.7717755046e-08
6.4932689395e-08
5.2790394997e-08
4.3402260014e-08
3.9861445655e-08
4.1176582348e-08
4.4480855779e-08
4.9996644017e-08
5.5913210398e-08
5.9765802095e-08
6.0890385269e-08
5.5660551281e-08
4.9973227963e-08
4.2197903073e-08
3.2103106792e-08
2.1986610958e-08
1.3268011254e-08
1.1496215465e-08
1.7270833792e-08
3.0037597806e-08
4.8439827943e-08
6.9015659408e-08
8.1869858924e-08
8.6230518605e-08
7.3838973361e-08
6.3219267057e-08
5.2311705657e-08
4.3487343646e-08
3.9960166499e-08
4.1764498313e-08
4.6868085834e-08
5.4701165081e-08
6.3671851426e-08
7.0516507978e-08
7.3809009796e-08
6.9724016502e-08
6.4046139969e-08
5.5199041434e-08
4.3830363858e-08
3.3359858951e-08
2.5899200900e-08
2.8267262155e-08
3.9248589302e-08
5.5861056615e-08
7.4361932991e-08
9.0789365248e-08
9.9791445806e-08
1.0224683062e-07
9.0401291796e-08
8.2407951087e-08
7.5312067463e-08
6.9918140109e-08
6.8404846028e-08
6.9998691424e-08
7.3045917906e-08
7.8315809663e-08
8.4791163476e-08
8.9713948758e-08
9.1905919907e-08
8.6960529069e-08
8.0398598951e-08
7.0780112729e-08
5.8647651441e-08
4.8022919761e-08
4.1759116248e-08
4.7248772363e-08
6.1007095065e-08
7.8535995244e-08
9.5156954724e-08
1.1047010005e-07
1.1845554528e-07
1.2020337626e-07
1.0819136716e-07
1.0009678081e-07
9.2812236620e-08
8.7274179363e-08
8.6056181855e-08
8.8874419616e-08
9.3871149980e-08
1.0142572089e-07
1.0991209416e-07
1.1599474467e-07
1.1839017653e-07
1.1250338453e-07
1.0421610710e-07
9.2521297492e-08
7.8349276429e-08
6.6773027340e-08
6.1207936522e-08
6.8772842264e-08
8.4769356443e-08
1.0126289484e-07
1.1765362995e-07
1.3236669009e-07
1.3924838040e-07
1.3990743384e-07
1.2642099938e-07
1.1630984919e-07
1.0702151111e-07
9.9694200421e-08
9.6784645584e-08
9.7098082637e-08
9.8153185925e-08
1.0046533506e-07
1.0326014741e-07
1.0403457688e-07
1.0235361604e-07
9.3924091499e-08
8.4260585575e-08
7.1807507430e-08
5.7079095302e-08
4.3856791533e-08
3.4702230817e-08
3.7231889015e-08
4.8258730913e-08
6.4444192398e-08
7.9900636908e-08
9.3943785099e-08
1.0027045993e-07
9.9678068280e-08
8.4822073586e-08
7.4070490907e-08
6.4623353419e-08
5.7621595528e-08
5.5359013248e-08
5.6358049412e-08
5.8739153288e-08
6.2969263208e-08
6.7959175422e-08
7.1279501044e-08
7.2145241847e-08
6.6568740001e-08
6.0325720306e-08
5.1370678519e-08
3.9728293117e-08
2.8609881023e-08
1.9823565631e-08
1.9695742286e-08
2.8162998047e-08
4.2701653325e-08
6.1082493173e-08
7.7573316723e-08
8.6375834243e-08
8.8264147658e-08
7.5302044754e-08
6.5820274683e-08
5.7348452279e-08
5.0157074996e-08
4.6636127949e-08
4.5973375107e-08
4.6898274464e-08
5.0238297888e-08
5.5107262548e-08
5.8705490940e-08
6.0421384712e-08
5.5902221373e-08
5.0680921148e-08
4.2847738007e-08
3.2882409943e-08
2.3436609272e-08
1.6256995287e-08
1.6998681072e-08
2.6164854942e-08
4.2116549466e-08
6.2866547094e-08
8.3413057065e-08
9.5664155987e-08
9.9970750188e-08
8.7811297551e-08
7.7490902330e-08
6.6867917087e-08
5.7475920338e-08
5.2970307533e-08
5.3192996795e-08
5.6534288511e-08
6.3387184365e-08
7.1670662030e-08
7.8199523760e-08
8.1370862062e-08
7.7075530112e-08
7.0982861393e-08
6.1273399752e-08
4.8459356854e-08
3.6095542270e-08
2.6555616929e-08
2.7190902171e-08
3.6710235291e-08
5.2354240049e-08
7.0581296029e-08
8.7523118197e-08
9.7193399306e-08
1.0008059589e-07
8.8341226375e-08
8.0226692631e-08
7.3066037433e-08
6.7603226619e-08
6.6111635136e-08
6.7649637225e-08
7.0275058116e-08
7.4674846811e-08
7.9705628456e-08
8.2848062634e-08
8.3382536689e-08
7.7148170507e-08
6.9807069764e-08
5.9510056810e-08
4.6537918608e-08
3.4333397164e-08
2.5152795463e-08
2.5921523122e-08
3.5669472271e-08
5.1578102956e-08
7.0396998569e-08
8.7628970922e-08
9.7628951586e-08
1.0095606851e-07
8.9697023570e-08
8.2151333269e-08
7.5636611911e-08
7.0609242913e-08
6.9232120268e-08
7.0610643826e-08
7.2986112286e-08
7.7060244667e-08
8.1971645409e-08
8.5054398054e-08
8.5461059023e-08
7.9029426980e-08
7.1376932474e-08
6.0797131467e-08
4.7735844311e-08
3.5679523143e-08
2.6891274154e-08
2.8338460565e-08
3.8602626756e-08
5.4721800794e-08
7.2863291190e-08
8.9304079355e-08
9.8316887481e-08
1.0064626545e-07
8.8630180726e-08
8.0607006517e-08
7.3782870652e-08
6.8616201386e-08
6.7135208324e-08
6.8254289154e-08
6.9931560970e-08
7.3007837509e-08
7.6366197600e-08
7.7688178091e-08
7.6394693378e-08
6.8754210929e-08
6.0722882919e-08
5.0565317350e-08
3.8127259314e-08
2.5982439792e-08
1.5623853009e-08
1.2582992758e-08
1.6753182390e-08
2.6854423169e-08
4.1062307494e-08
5.6086828344e-08
6.3550201322e-08
6.4946542164e-08
5.2565993412e-08
4.4114152070e-08
3.7154400988e-08
3.2092701783e-08
3.0668779756e-08
3.1733670744e-08
3.3443923862e-08
3.6829438923e-08
4.1153113921e-08
4.3995763281e-08
4.4846865003e-08
4.0039019939e-08
3.5326508674e-08
2.9207261117e-08
2.1657887462e-08
1.4379213403e-08
7.8228074576e-09
5.4855713500e-09
8.2824949181e-09
1.5801315239e-08
2.8053332964e-08
4.3626949317e-08
5.5337997608e-08
6.2216610762e-08
5.3978686056e-08
4.8143205207e-08
4.2253740639e-08
3.7233244362e-08
3.5661447515e-08
3.6564393730e-08
3.7972036469e-08
4.0920692406e-08
4.5042600113e-08
4.8030964255e-08
4.9248879751e-08
4.4470602924e-08
3.9822176087e-08
3.3427782522e-08
2.5170127110e-08
1.6941707815e-08
9.3341785772e-09
6.6005613804e-09
9.5746205474e-09
1.7803443677e-08
3.1222203114e-08
4.7998620204e-08
6.0629228261e-08
6.7722130997e-08
5.9400367528e-08
5.4009371666e-08
4.8953210024e-08
4.5230246204e-08
4.5175840480e-08
4.7868626273e-08
5.1561806014e-08
5.6563730073e-08
6.2232614398e-08
6.6213334555e-08
6.7378960855e-08
6.2063717692e-08
5.6041267199e-08
4.7454216214e-08
3.6328829401e-08
2.5200731751e-08
1.5903279767e-08
1.4264884713e-08
2.0559066515e-08
3.3668019869e-08
5.1689604862e-08
7.0727973672e-08
8.1802068414e-08
8.5771346209e-08
7.4314934391e-08
6.5563424102e-08
5.7304645574e-08
5.0659230910e-08
4.7901340881e-08
4.8597414316e-08
5.1196581777e-08
5.6262205945e-08
6.1963321099e-08
6.5884739266e-08
6.7358659094e-08
6.2295353698e-08
5.6531497608e-08
4.8226596437e-08
3.7303260707e-08
2.6681626881e-08
1.8257620578e-08
1.8150987016e-08
2.6576957856e-08
4.1615401780e-08
6.1082888070e-08
7.9685470356e-08
9.0062249664e-08
9.2792182855e-08
7.9498161998e-08
6.8522262323e-08
5.8051872167e-08
4.9618219134e-08
4.6267032211e-08
4.7252933457e-08
5.0925239998e-08
5.7219708968e-08
6.4600103150e-08
6.9829584881e-08
7.1829515093e-08
6.6699098451e-08
6.0256023757e-08
5.0813288275e-08
3.8701148706e-08
2.6975297879e-08
1.7547583845e-08
1.6400167634e-08
2.3712419466e-08
3.7831472715e-08
5.6665138542e-08
7.5560322924e-08
8.6143491223e-08
8.8938219670e-08
7.5642740963e-08
6.4597354671e-08
5.4305283902e-08
4.5931953900e-08
4.3044895834e-08
4.5252828330e-08
5.0120028837e-08
5.7497672713e-08
6.4852308428e-08
6.9431264574e-08
7.0981063279e-08
6.5787149408e-08
5.9794574607e-08
5.1254769519e-08
4.0212611496e-08
2.9686672128e-08
2.1596800476e-08
2.2595834500e-08
3.2391649813e-08
4.8318848897e-08
6.7835261004e-08
8.5185138146e-08
9.4705208642e-08
9.6572507968e-08
8.2870284710e-08
7.2064687381e-08
6.2103744644e-08
5.3749100807e-08
5.0396873249e-08
5.0710394934e-08
5.2963697581e-08
5.7410147045e-08
6.2256072592e-08
6.4822065423e-08
6.4704196568e-08
5.8198828007e-08
5.1556091201e-08
4.3111397662e-08
3.2645526927e-08
2.2138635999e-08
1.2787583927e-08
9.8874630900e-09
1.3786088415e-08
2.3807858733e-08
3.9028196138e-08
5.6430184321e-08
6.7616120598e-08
7.1632585526e-08
6.0775795755e-08
5.2958465594e-08
4.5844930847e-08
4.0400400465e-08
3.8716633482e-08
3.9956377222e-08
4.2579250242e-08
4.7633276092e-08
5.4009983417e-08
5.8942064534e-08
6.1598108623e-08
5.7795560471e-08
5.4466568128e-08
5.1445105211e-08
4.9930290696e-08
5.3513728808e-08
