6.43844490048313E-08
6.43844490048313E-08
6.43844490048313E-08
6.43844490048313E-08
6.43844490048313E-08
6.43792770452302E-08
6.43765406510285E-08
6.41474284060361E-08
6.43637611664272E-08
6.42312503539441E-08
6.42943379933145E-08
6.42452907862200E-08
6.38442302998262E-08
6.35544601622004E-08
6.27475761590693E-08
6.08607211493200E-08
5.83977984578490E-08
5.63975856929706E-08
5.60448012627862E-08
5.24057104302648E-08
5.04803428422506E-08
4.44629107005610E-08
3.16541807500686E-08
2.20273117771318E-08
1.28931688745242E-08
6.61483796660415E-09
3.80863877674220E-09
3.35612180079204E-09
4.71765538532327E-09
4.48784707789815E-09
5.79648526121224E-09
1.24405536542204E-08
2.25782256585483E-08
3.06678588579270E-08
3.81242446180634E-08
4.51531299296227E-08
4.54008211239494E-08
4.31724573412675E-08
4.27317425917214E-08
4.37012857969967E-08
4.49836424282414E-08
4.50948167204240E-08
4.40601036258907E-08
4.26000932579295E-08
4.06323335875828E-08
3.69067044022341E-08
3.13821717428450E-08
2.76869524703018E-08
2.50285193589846E-08
2.47522510117477E-08
2.13367639717691E-08
1.65540671431698E-08
1.31296232026816E-08
1.24120528564102E-08
1.41078408856372E-08
2.00130189180749E-08
2.67720736979321E-08
3.45673739784086E-08
4.15159564453059E-08
4.82897259493663E-08
5.35463506501792E-08
5.86970901041471E-08
6.08006327335259E-08
6.19582694641091E-08
6.36287699429619E-08
6.41919066965301E-08
6.44097656881000E-08
6.42684068276344E-08
6.42905779499475E-08
6.40818900806607E-08
6.40894784476163E-08
6.42166577820677E-08
6.42166577820677E-08
6.42166577820677E-08
6.42166577820677E-08
6.42166577820677E-08
6.42166577820677E-08
6.44710164509704E-08
6.44710164509704E-08
6.44710164509704E-08
6.44710164509704E-08
6.44710164509704E-08
6.44684446022070E-08
6.44684446022070E-08
6.43387216810666E-08
6.43361639633405E-08
6.43310485278881E-08
6.42090270220006E-08
6.43361639633405E-08
6.42090270220006E-08
6.39952802414101E-08
6.44200798015009E-08
6.45369717408988E-08
6.47780239998032E-08
6.45197139049994E-08
6.44033235184638E-08
6.42190457690170E-08
6.44052939075363E-08
6.41367608187924E-08
6.39666304541773E-08
6.35955167229817E-08
6.27653716077046E-08
6.14795520411180E-08
5.85519007034596E-08
5.46969759322008E-08
4.68601589020409E-08
3.51218399354911E-08
2.38902579032417E-08
2.26696966537478E-08
2.16978687328844E-08
1.90841409586414E-08
1.73174767927693E-08
1.68998083794373E-08
2.34658700827828E-08
3.78384265000798E-08
4.96239419432661E-08
5.61521308045443E-08
5.99384320135636E-08
6.06845171303516E-08
6.29385092707745E-08
6.37685874516430E-08
6.41882405434155E-08
6.44719618846471E-08
6.45179228257263E-08
6.45386106641304E-08
6.48795226481351E-08
6.48122335782957E-08
6.24902646179755E-08
5.92350905133970E-08
6.04517901106375E-08
6.06697216969473E-08
6.10302827495851E-08
6.14386587195447E-08
6.05992591207400E-08
6.02348772652337E-08
6.04033902000436E-08
5.83845627426192E-08
5.67738197678779E-08
5.62755228627055E-08
5.64836029786461E-08
5.75373153515997E-08
5.58661424412082E-08
5.45730330010867E-08
5.78814707846688E-08
6.06708852710885E-08
6.24782736214980E-08
6.36593878630512E-08
6.38005672158039E-08
6.36161635140873E-08
6.38262281105548E-08
6.40605470292087E-08
6.42083927086378E-08
6.43547866911821E-08
6.44668809653415E-08
6.45437502846351E-08
6.45941033262281E-08
6.42062459388887E-08
6.42583591852198E-08
6.42557732054194E-08
6.43937446148227E-08
6.43850649122212E-08
6.44935912776197E-08
6.45756360793779E-08
6.41928723569855E-08
6.42350466550983E-08
6.41305461311468E-08
6.41412437616879E-08
6.41381481937294E-08
6.39757914828624E-08
6.33815077859231E-08
6.39505382903041E-08
6.25019627417808E-08
6.32086459749483E-08
6.37042070004947E-08
6.24368718596661E-08
6.20730956200381E-08
6.23958679439252E-08
6.24648315218768E-08
6.26009013370049E-08
6.25650357751212E-08
6.23188881096294E-08
6.23600413710376E-08
6.24613533867637E-08
6.24832866564094E-08
6.22197829106647E-08
6.25889253819676E-08
6.28144709848467E-08
6.32527595501022E-08
6.31638830449917E-08
6.35777377803478E-08
6.40899439406052E-08
6.35910437153532E-08
6.25587535197432E-08
6.08245351651791E-08
5.99340836915572E-08
5.83636540325418E-08
5.75957077658553E-08
5.28619247109436E-08
4.74280318488568E-08
4.08452332975983E-08
3.83820578307678E-08
3.95378826219754E-08
3.76001546909635E-08
3.57306697737561E-08
3.22425273926806E-08
3.01352981854949E-08
3.53850751915298E-08
3.98147846096686E-08
4.11541024621419E-08
4.12796335714185E-08
4.26548192419915E-08
4.42349620297098E-08
4.91570363652840E-08
5.17277285606366E-08
5.32990727787938E-08
4.57702331932751E-08
4.57965576926143E-08
4.74905188993565E-08
4.58366170059159E-08
4.60792289434121E-08
4.56191605312001E-08
3.91913822679749E-08
3.06825004728147E-08
3.17009559872163E-08
3.61438897207566E-08
4.40247696997495E-08
5.16816534233607E-08
5.72195483835729E-08
6.14154559523532E-08
6.23579181134343E-08
6.30206792331476E-08
6.33081213912537E-08
6.34542522277614E-08
6.37406226832593E-08
6.37380367034588E-08
6.36083137823184E-08
6.36134574798451E-08
6.38272042604356E-08
6.40435228897894E-08
6.40435228897894E-08
6.38297761091989E-08
6.38297761091989E-08
6.40252191196436E-08
6.32568134557098E-08
6.23355702146171E-08
6.19939497392002E-08
6.06225146121373E-08
5.91586051070709E-08
5.93261895891983E-08
5.97603014236129E-08
6.19280377132034E-08
6.27889900332189E-08
6.32406560990685E-08
6.33757974219314E-08
6.34707134214931E-08
6.34972895878750E-08
6.36285260341356E-08
6.36854382519357E-08
6.34811768409785E-08
6.34888499941571E-08
6.34862922764309E-08
6.34811768409785E-08
6.35748797483948E-08
6.35653898663295E-08
6.40134107183326E-08
6.39745111792295E-08
6.39764394126868E-08
6.38344479013333E-08
6.39600428971477E-08
6.40435228897894E-08
6.43844490048313E-08
6.43844490048313E-08
6.43844490048313E-08
6.43818630250307E-08
6.43645156925626E-08
6.39895689274327E-08
6.31594138373059E-08
5.85932849301390E-08
5.49222489287691E-08
5.95172785381397E-08
6.28658187406242E-08
6.39153560452117E-08
6.40435228897894E-08
6.41681162444402E-08
6.41577723252382E-08
6.41223468838088E-08
6.41551863454376E-08
6.41629442848392E-08
6.41655302646397E-08
6.41681162444402E-08
6.38297761091989E-08
6.38297761091989E-08
6.36160293286084E-08
6.36160293286084E-08
6.38703879975111E-08
6.39975673319625E-08
6.42113141125529E-08
6.42113141125529E-08
6.39405681904716E-08
6.39405681904716E-08
6.39405681904716E-08
6.40677475249230E-08
6.40651191520110E-08
6.38512520398996E-08
6.38456342995128E-08
6.38272356891288E-08
6.37850613910160E-08
6.35262712763589E-08
6.35368389963567E-08
6.33471475951157E-08
6.24143365365884E-08
6.06857184268413E-08
6.12814070338701E-08
6.02828013913271E-08
5.82248463586508E-08
5.73524649191118E-08
5.83875061149534E-08
5.92286090776856E-08
6.06546580904989E-08
6.33122015797987E-08
6.37468441395529E-08
6.40266124319912E-08
6.40677475249230E-08
6.40677475249230E-08
6.41949268593743E-08
6.41949268593743E-08
6.41949268593743E-08
6.40677475249230E-08
6.40624907790990E-08
6.37786023591339E-08
6.20364420054405E-08
6.18137176621516E-08
6.37660229652688E-08
6.37780542569727E-08
6.38454100633069E-08
6.38221362451023E-08
6.37315070559736E-08
6.35382147339690E-08
6.31108415043089E-08
6.31185570505990E-08
6.29073821187719E-08
6.27014712159924E-08
6.31289647771733E-08
6.32587159603880E-08
6.35590301871176E-08
6.35590301871176E-08
6.36862095215690E-08
6.36862095215690E-08
6.37727769677081E-08
6.36455976332568E-08
6.38567866961211E-08
6.41639036516394E-08
6.38472386274321E-08
6.10716464724067E-08
5.78591766392087E-08
5.65390444602647E-08
5.40015652292487E-08
4.72912659712960E-08
3.13048290535978E-08
3.10847559224601E-08
3.15106585742697E-08
2.78258040414484E-08
2.84191856478081E-08
3.25314512513862E-08
3.47938975915571E-08
3.71657743668428E-08
4.13046089723275E-08
2.99358439792160E-08
3.12520776543784E-08
4.27294781029119E-08
3.50194940582534E-08
2.70503416858842E-08
2.53890264207690E-08
2.53772507147989E-08
2.30213049620634E-08
1.65605130731659E-08
1.72607583720503E-08
1.77313293510749E-08
1.80898284201865E-08
2.19452337258743E-08
3.00856531999040E-08
3.87218225091363E-08
6.02270343416955E-08
6.25886091158978E-08
6.05530908057009E-08
5.88081683686094E-08
5.64498303144063E-08
5.46311973396109E-08
5.19142485533947E-08
4.86847004711756E-08
4.62649830497890E-08
4.42509358016161E-08
4.18183688737662E-08
4.00555408688646E-08
4.13797459135472E-08
4.26287869028352E-08
4.22155686578924E-08
4.25436228626416E-08
4.23798039654644E-08
4.21675132358597E-08
4.21427440214285E-08
4.18150800233021E-08
4.02059388431850E-08
3.76673873949851E-08
3.61300990159694E-08
3.06264006115291E-08
3.65167004430592E-08
3.99669915150765E-08
4.29867456675848E-08
4.11684552417967E-08
4.08042669458749E-08
4.10191554905185E-08
4.02586972881316E-08
4.06924158284699E-08
4.26638884387265E-08
4.74071264637293E-08
4.98153541248389E-08
5.17512204005574E-08
5.86547319046375E-08
6.14993411930579E-08
6.18709192297602E-08
6.22562331095760E-08
6.22803963123016E-08
6.23639055961688E-08
6.22029526079091E-08
6.20981662570127E-08
6.18966837916997E-08
6.19172172178462E-08
6.15176081116753E-08
6.10624258321194E-08
6.11202977729643E-08
6.05481805671579E-08
5.86164400792976E-08
5.61599069124222E-08
5.54864529516789E-08
5.56143564523064E-08
5.66427468379044E-08
5.62437292957403E-08
5.54235945755220E-08
5.41216938094804E-08
5.12536066538454E-08
4.90045909343020E-08
4.77269385530362E-08
4.58673995506090E-08
4.44870269977430E-08
4.26375703122079E-08
4.03386928124223E-08
3.78522124945213E-08
3.38197424432458E-08
2.91285198556306E-08
2.46938749451624E-08
1.88993605084327E-08
1.74116577409022E-08
1.77993399350470E-08
1.60939440276151E-08
1.42597991718731E-08
1.45643280101232E-08
1.67484029057084E-08
2.00790661982845E-08
1.93343363548337E-08
2.01603453115754E-08
2.16311969162480E-08
1.74055094335067E-08
1.44977525378691E-08
1.31610286213265E-08
1.51350537639706E-08
1.39351421951223E-08
1.40955489416093E-08
9.29175688907520E-09
5.86232251541856E-09
3.85068641009617E-09
7.35666180382455E-09
1.09844647876111E-08
1.22516746886594E-08
1.17514359731509E-08
1.03008717087479E-08
1.01251946547591E-08
1.03330475657884E-08
5.10690505585909E-09
5.70844312061797E-09
5.88552235348742E-09
6.00141015800943E-09
6.32592622021605E-09
7.06901642794599E-09
7.89627374505180E-09
8.42355542616160E-09
7.96881247540525E-09
7.14986591020791E-09
9.36113747116263E-09
1.11048330413162E-08
5.75351190638465E-09
2.39587194929208E-09
2.37890900478442E-09
2.38486102138639E-09
2.37994532042565E-09
2.41603369353675E-09
2.82632143053493E-09
4.07788672971892E-09
5.49753679724511E-09
5.39799982978353E-09
5.73022470921489E-09
7.47880193917530E-09
7.74754774554849E-09
9.44704333143315E-09
9.19602362473968E-09
9.83692038835272E-09
1.29412262361109E-08
1.63075090046939E-08
1.71921287140693E-08
1.80742869313525E-08
1.92377652822838E-08
1.92788913899342E-08
1.93677320726677E-08
1.69532881010202E-08
1.20632163292634E-08
8.17477127329670E-09
7.94642396469963E-09
8.15730376763866E-09
9.01053056651417E-09
9.91553312930394E-09
1.08177275739724E-08
1.10922542807750E-08
1.20988233367080E-08
1.23198731323020E-08
1.00373206616322E-08
8.91477592750067E-09
7.95958890599539E-09
7.27688770536540E-09
6.42601275440019E-09
4.96121639810799E-09
4.55570309128168E-09
4.69073587827928E-09
6.24119604640430E-09
8.56991580296200E-09
7.08160421335140E-09
6.87698343072375E-09
8.47314147305681E-09
7.66002219925675E-09
4.23166344689935E-09
1.93962354829386E-09
2.11856629684543E-09
2.33232360644400E-09
2.36883084407958E-09
2.50951200850250E-09
1.62146415701105E-09
1.50755525184994E-09
2.18122731347490E-09
2.01363637936134E-09
1.53361890095135E-09
1.30446097748029E-09
1.79685708611260E-09
1.55122708365723E-09
1.69951664390074E-09
1.79342965648583E-09
2.08035387447632E-09
2.17524747020873E-09
2.35041311523358E-09
2.56917867023233E-09
2.34239586932100E-09
1.87622490735766E-09
1.32949104214933E-09
1.17347972112604E-09
1.20304584872385E-09
1.35175751927629E-09
1.86730343339771E-09
2.00278128869178E-09
1.36764282376513E-09
1.22237457426527E-09
1.59194529120140E-09
1.64949764102655E-09
1.32659829613593E-09
1.07943097933528E-09
1.13916607961763E-09
1.40489421685907E-09
1.77944194841577E-09
2.34886966556403E-09
3.28033063609278E-09
4.07558740810082E-09
5.26557451601271E-09
6.41855885000267E-09
8.08059729172560E-09
8.88331287639055E-09
9.43027473816481E-09
9.39292636736489E-09
1.09927578460362E-08
1.31320493078068E-08
1.66550153539589E-08
2.07777961908255E-08
2.59615869136487E-08
3.04348190554239E-08
3.22692968415681E-08
3.22351386414684E-08
3.38077035120737E-08
3.37251010687145E-08
3.13938399025182E-08
2.66511002637587E-08
2.21331038462137E-08
1.52411276621410E-08
9.04613686146961E-09
2.03521266021722E-08
3.65584431310062E-08
4.04920859332971E-08
4.49302067622449E-08
5.19445891964102E-08
5.31693997319022E-08
4.77741067280157E-08
4.40780326662638E-08
4.66948737415316E-08
4.48511198992681E-08
4.26621830560793E-08
4.55116697293708E-08
4.75124058176170E-08
4.93678316590792E-08
5.08980501258304E-08
5.52071517355390E-08
5.98225100887222E-08
6.25962221824813E-08
6.31253934247143E-08
6.18127575432793E-08
5.93997663372506E-08
5.55832176629789E-08
5.09599478685396E-08
4.62008308722858E-08
4.16128906498864E-08
3.75686557383108E-08
3.55775522278974E-08
3.55800947062698E-08
3.64492877167489E-08
3.61695626882424E-08
3.33767164972604E-08
2.99650932470030E-08
2.83815584957904E-08
2.58824757468713E-08
2.25369376575029E-08
1.68122035489230E-08
1.21001035215928E-08
8.85984720065899E-09
7.09063382734923E-09
6.26877033108617E-09
6.21518995060271E-09
6.13999937477417E-09
5.32882717581432E-09
4.06775125321068E-09
3.12441554070350E-09
2.18211080016801E-09
1.51346495450589E-09
7.13005427527328E-10
5.59649276929079E-10
5.22098677925056E-10
7.45726536772129E-10
5.71620442455213E-10
4.48924367561285E-10
6.08478501890125E-10
9.12080866594507E-10
2.50685549226439E-09
5.14778286099943E-09
5.13323383013389E-09
5.93076660952784E-09
6.83577443682170E-09
7.86186625287365E-09
1.16429993022348E-08
1.26990851748558E-08
1.43847094655003E-08
1.42201187445315E-08
1.26446225743268E-08
1.51240927103138E-08
1.76705615371804E-08
1.70523460777796E-08
1.21943466937884E-08
1.25095828999330E-08
1.72691507435628E-08
1.99492648241591E-08
2.70551174618692E-08
3.07459895603053E-08
3.58223998379703E-08
4.09745153462123E-08
4.24440797994384E-08
4.18554956604036E-08
4.53019863542448E-08
4.81980113224196E-08
4.99272971929424E-08
5.44801742747055E-08
5.79033032370830E-08
6.02430914748463E-08
6.19513492933393E-08
6.23210427959260E-08
6.17413912931829E-08
6.16211596790865E-08
6.07819026573010E-08
6.05731562847288E-08
6.11329640509374E-08
6.21606710405787E-08
6.28488913414145E-08
6.26469724764244E-08
6.34299350481884E-08
6.34672299031278E-08
6.35116724504100E-08
6.34841542148839E-08
6.35595574291764E-08
6.35893147809774E-08
6.35900367701029E-08
6.34390243529538E-08
6.34530372356447E-08
6.34582091952458E-08
6.30385939049873E-08
6.30413002163086E-08
6.29480744392059E-08
6.28531074966615E-08
6.26408919742576E-08
6.28183342599921E-08
6.27560407294943E-08
6.26447867176791E-08
6.26468646134656E-08
6.14951540123743E-08
5.95117176781462E-08
5.55086287843378E-08
5.10573526722820E-08
4.65660993811042E-08
4.62141351448163E-08
4.98169710796514E-08
5.31551231885992E-08
5.42685809929295E-08
5.27887851938058E-08
5.78944756137928E-08
6.09080919483309E-08
6.17781574019195E-08
6.21918566167013E-08
6.22843309947049E-08
6.25771187222970E-08
6.26530418162592E-08
6.26588158688750E-08
6.27498064879766E-08
6.27387995975100E-08
6.24926478945791E-08
6.28502964098349E-08
6.31469891327775E-08
6.29967002088980E-08
6.19116381497935E-08
6.23195816783497E-08
6.27999896404617E-08
6.25502045589225E-08
6.26716164906580E-08
6.28653923949623E-08
6.26693248876736E-08
6.27245288728693E-08
6.27905015792022E-08
6.27952505576741E-08
6.26679490708959E-08
6.26682498996983E-08
6.28791098716859E-08
6.30849482984737E-08
6.30490454100689E-08
6.30653133608777E-08
6.30783936742814E-08
6.28803131868951E-08
6.28854851464962E-08
6.26717383659057E-08
6.26691523861052E-08
6.28775767926935E-08
6.28540021456866E-08
6.28127768832795E-08
6.27610572872693E-08
6.26209631348383E-08
6.25220942448142E-08
6.24481826663884E-08
6.22995785025501E-08
6.26399457489261E-08
6.16080183291021E-08
6.13516506383756E-08
6.05705813485120E-08
6.05128320745695E-08
6.16942548635587E-08
5.93056353425321E-08
5.18456887193619E-08
4.64416936882102E-08
4.29246574131618E-08
3.74781713428346E-08
3.19435696267703E-08
2.61140758460588E-08
2.01408170098733E-08
2.00821854763026E-08
1.99720763555766E-08
2.24896565529743E-08
2.89187216905669E-08
3.27475323843172E-08
4.54721263770479E-08
5.76404820956403E-08
6.02101758560311E-08
6.23608913707351E-08
6.28590087681945E-08
6.33205823535693E-08
6.32354105155764E-08
6.31740044696281E-08
6.32339090631910E-08
6.31275607774867E-08
6.31067457597482E-08
6.33648762280908E-08
6.33748062701933E-08
6.33543445283837E-08
6.36034481139374E-08
6.37058909292984E-08
6.36096796242464E-08
6.32274062528016E-08
6.25500750837894E-08
6.07984943948998E-08
6.05450819909113E-08
6.01489816568921E-08
5.81560457824107E-08
5.39977541637335E-08
5.10932888893516E-08
4.89246430280441E-08
4.74640640936466E-08
4.62801136302287E-08
4.47065602599287E-08
4.31687944339375E-08
3.65813965269536E-08
2.64360974041704E-08
1.63948964468157E-08
8.41606827226484E-09
4.19118043997930E-09
3.19873608796955E-09
3.30544354743067E-09
2.56374570206256E-09
2.64103147133373E-09
2.56052810052541E-09
2.75679514439205E-09
3.49478361229670E-09
4.36018891107557E-09
4.51754097857148E-09
4.00286081807692E-09
3.43432268336328E-09
3.78463287581409E-09
4.98955680666732E-09
6.82935277104348E-09
9.67804228759158E-09
1.20741454000686E-08
1.43840308590547E-08
1.89974477185636E-08
2.23019329679279E-08
2.54028761830000E-08
2.66032623884495E-08
2.56784857943254E-08
2.31283108357798E-08
3.94047177443437E-08
6.30390436440467E-08
6.35376717379808E-08
6.37500295603249E-08
6.37814416288695E-08
6.37627004298955E-08
6.37226352187661E-08
6.33164380409900E-08
6.25225003241147E-08
6.13501953790443E-08
5.97663471721364E-08
6.03831346051291E-08
5.91420848163128E-08
5.78869371606687E-08
4.98652379526658E-08
4.40789724791919E-08
4.21000376125803E-08
3.16851963579179E-08
2.38484161001209E-08
1.69365805443326E-08
1.27438851938373E-08
1.06098346447957E-08
1.01622415634329E-08
7.25188439862667E-09
4.57813621173202E-09
2.62636369225676E-09
1.60925359509066E-09
1.77454398052128E-09
3.01371493513631E-09
3.48430210350033E-09
2.86666506663748E-09
2.22180729810096E-09
1.74210181082516E-09
8.74267556964039E-10
4.24109355903160E-10
2.31957214641997E-11
2.63750464945386E-11
1.44569535023749E-10
6.00842991894588E-10
1.05214873608808E-09
2.09867909846561E-09
3.55293936136691E-09
4.32414273316226E-09
4.77052430568926E-09
5.47887159712649E-09
6.14721859312315E-09
6.56737976890965E-09
6.63385770929942E-09
7.52901842032508E-09
8.40150222082235E-09
1.02298280579592E-08
1.34676663882289E-08
1.45610964754625E-08
1.41923434982931E-08
1.24318219003196E-08
1.09184638587868E-08
9.62325079409966E-09
1.02004381131244E-08
9.93289779901092E-09
8.27892449831251E-09
6.79586700248249E-09
7.29969654515675E-09
7.09449243173173E-09
6.36689257193938E-09
5.59099627082796E-09
5.48934123110169E-09
5.74482551430060E-09
4.20902022128023E-09
3.90253963742699E-09
3.51196410352772E-09
3.40766327448509E-09
3.81819959107254E-09
4.27084180680305E-09
4.70148393722759E-09
4.97141983817591E-09
4.64204808243806E-09
6.44707781628925E-09
1.07514012354659E-08
1.45736582945924E-08
1.49611884910266E-08
1.55020501780137E-08
2.03123337994398E-08
2.70039310849110E-08
3.12613503459651E-08
3.33790891261077E-08
3.50164448812628E-08
3.65950202717555E-08
3.84047845759623E-08
4.00279895025875E-08
4.20516470435122E-08
4.39286990321627E-08
4.34715320741662E-08
4.33752704198725E-08
4.45845083149163E-08
4.85430644128017E-08
5.10463196176263E-08
5.25503586557700E-08
5.21122062947130E-08
5.03455208729111E-08
4.70983114483702E-08
4.56089561807292E-08
4.26007701227348E-08
3.99311738483048E-08
3.32473072693119E-08
2.61330028068181E-08
2.13415080419816E-08
1.86081164284237E-08
2.07326961346965E-08
2.63367726001800E-08
2.82530047695399E-08
3.04478797753727E-08
3.32309841797503E-08
3.39197642200719E-08
3.52100195073488E-08
3.75605003882283E-08
4.25974090733581E-08
4.26198059360212E-08
4.03544190734733E-08
3.68472897637916E-08
3.19658617535109E-08
3.05469713974587E-08
2.72650136733728E-08
2.52355356888644E-08
2.37355646873654E-08
2.18929615548536E-08
2.68124782914498E-08
3.26778195843168E-08
4.08652089238129E-08
4.75534790427306E-08
5.15069268300563E-08
5.47663314584155E-08
5.76998316996456E-08
5.90693230768182E-08
6.03940608259773E-08
6.07862287733920E-08
6.13384687160856E-08
6.04592613918567E-08
5.96435685276528E-08
5.88474462395143E-08
5.71461923092802E-08
5.54754299906211E-08
5.42261837252583E-08
5.36852311958894E-08
5.27471411064570E-08
5.21435432748053E-08
5.23055927840493E-08
5.18013881949405E-08
5.07093919923600E-08
5.00483260825305E-08
4.94108589255948E-08
4.78235215004073E-08
4.34145817777730E-08
3.80419458534636E-08
3.43744354469086E-08
3.22341059674390E-08
2.86401852524913E-08
2.51221829607429E-08
2.21403322477577E-08
1.91584250106238E-08
1.46188252059645E-08
1.18558860291125E-08
1.15017449797779E-08
9.96784337891785E-09
6.70731792577360E-09
6.12694221727171E-09
7.37509421786604E-09
7.60522920162079E-09
6.92482569971677E-09
7.27904270832388E-09
7.94371207221228E-09
8.86419148522631E-09
1.03050621747985E-08
1.02527591688255E-08
9.07132565291462E-09
7.44644764315561E-09
5.51100331941516E-09
4.07383155746374E-09
4.90516403610700E-09
6.05187593123779E-09
6.33705217555592E-09
6.72361718652751E-09
6.27235969369060E-09
5.05827006338922E-09
3.87733493372165E-09
3.36788927355281E-09
3.62562522075429E-09
3.79643478555618E-09
2.19695009124503E-09
2.55415096532649E-09
3.26383441163882E-09
3.71629905921048E-09
3.85002708044352E-09
4.12065730218412E-09
3.90902091480734E-09
2.84037266889810E-09
1.91699785782731E-09
1.29744889559480E-09
1.19776824279738E-09
1.17018105414321E-09
1.03835252930034E-09
1.02379554230464E-09
8.90183894318807E-10
8.12573863264946E-10
7.60154404879252E-10
1.12064032948196E-09
1.96362438263162E-09
3.51762392036406E-09
5.08386077794721E-09
6.15630801663682E-09
7.29540007653595E-09
8.52522146988879E-09
1.29548278145801E-08
1.18748904532885E-08
1.24522019037769E-08
1.43317708795169E-08
1.72990795677812E-08
1.83305227719816E-08
1.67860677800745E-08
1.51057399763221E-08
1.38642243382723E-08
1.29827019780786E-08
1.16686080665209E-08
9.45870689950889E-09
7.04402475853199E-09
5.03993245000321E-09
4.11471894162647E-09
3.55304259314539E-09
2.90464410918839E-09
2.46931395770718E-09
2.12678616678946E-09
1.81323974769369E-09
1.95717318813150E-09
2.10498589514061E-09
2.34605553086661E-09
2.36713080510188E-09
9.93386737815733E-10
7.94135155568255E-10
5.55392668124570E-10
5.48374490497565E-10
6.74788453143443E-10
9.93727149355186E-10
1.54075994339445E-09
2.46237589554016E-09
4.04504350773002E-09
6.10105479051605E-09
8.66160632402182E-09
1.08086170528598E-08
1.23698824374056E-08
1.42203959820224E-08
1.74657245140597E-08
1.98518173898088E-08
2.19667644390832E-08
2.67686432204346E-08
3.55762520537304E-08
4.23972210427153E-08
4.64066567117632E-08
4.93066485035238E-08
5.24039360153240E-08
5.19723838777725E-08
4.99693712675648E-08
4.75387847432198E-08
4.48633092448414E-08
4.06892209870066E-08
4.06475032757668E-08
3.97994866734163E-08
3.79148722840859E-08
3.54156109378568E-08
2.89369339850071E-08
2.81738561574932E-08
2.95797853837631E-08
3.06794029653020E-08
3.18260778505736E-08
3.29701543270652E-08
3.59281493160271E-08
4.31747335861499E-08
5.17759888233339E-08
5.28280563752281E-08
5.55151575214200E-08
5.74539257659296E-08
5.70433736162473E-08
5.50778112628050E-08
5.49688988865538E-08
5.61557339023585E-08
5.63781378233903E-08
5.80304199912269E-08
5.98191249334588E-08
6.13428817162845E-08
6.15509089496884E-08
6.16880170595945E-08
6.19605746043896E-08
6.21009541483554E-08
6.17390094415579E-08
6.17718590759502E-08
6.19341540377473E-08
6.19418928191040E-08
6.19366834933991E-08
6.21428419070340E-08
6.23692359658838E-08
6.21477504039366E-08
6.21376325813291E-08
6.18505315868346E-08
6.09697349365437E-08
5.65919008329030E-08
5.21933728742822E-08
4.93274037909120E-08
4.67289973859017E-08
4.50286924913734E-08
4.12574606678821E-08
3.74419971939321E-08
3.71465172068902E-08
3.36145217050712E-08
2.96202381494720E-08
2.93347348329968E-08
3.05041939375972E-08
2.83813727340050E-08
2.82629042933520E-08
3.56700434285642E-08
6.07765673793266E-08
6.15502753092321E-08
6.16018835194200E-08
6.15139771871969E-08
6.14665803031622E-08
4.71579448210180E-08
3.03972958080913E-08
2.45175454093345E-08
2.10045507692452E-08
2.00334594435373E-08
1.82971348123641E-08
1.76154317300340E-08
1.82846817665960E-08
1.89127724064255E-08
2.07371429781357E-08
2.18361345586866E-08
2.08577731112298E-08
2.32398495662234E-08
2.45898304935083E-08
2.55092595390094E-08
2.53045204435804E-08
2.25270992098542E-08
1.80042194700273E-08
1.06409404617031E-08
6.58114850527779E-09
5.44858383664775E-09
4.66493695852391E-09
3.88652992439529E-09
6.32722128821003E-09
7.91318566741130E-09
1.33867126846201E-08
2.20187985199401E-08
3.00501847320394E-08
3.50640545225096E-08
3.44352202813800E-08
3.65317241896913E-08
4.65555763500166E-08
5.53904474768601E-08
5.91803391172178E-08
6.06129332939491E-08
6.18918265544417E-08
6.22923153869456E-08
6.24821473860689E-08
6.24511747650721E-08
6.28293201320252E-08
6.30519301999521E-08
6.31801030611058E-08
6.32489862861010E-08
6.35347749941109E-08
6.35648501952912E-08
6.37378588186380E-08
6.38161592913759E-08
6.38096300793009E-08
6.40922310311575E-08
6.38956227840967E-08
6.36319787967142E-08
6.29816961744690E-08
6.20010686944760E-08
6.07387316658669E-08
5.92556496287398E-08
5.91652917396915E-08
5.92212395636837E-08
5.82633080335157E-08
5.77575776090554E-08
5.63524426895717E-08
5.53868199960797E-08
5.32342084286838E-08
4.79173179418315E-08
4.00675696272733E-08
3.43791675631344E-08
3.07884430354631E-08
2.94250251147301E-08
2.85320536853132E-08
2.77299945407610E-08
2.35910002189320E-08
1.99588692586658E-08
1.41995746706287E-08
1.16394511056769E-08
1.16515703106400E-08
1.34039336689912E-08
1.55106690419482E-08
1.63311872397239E-08
1.64716352222423E-08
1.30652545867717E-08
8.56867797160596E-09
6.73424230149425E-09
7.45033826997246E-09
8.48031513167540E-09
8.89811931379574E-09
8.50595417675543E-09
7.39516124062075E-09
7.16185900457045E-09
8.61579837022169E-09
9.19667717531270E-09
9.28364294253579E-09
7.21168072708267E-09
6.24951194406864E-09
6.16380277041905E-09
8.31327000392433E-09
1.08957275741526E-08
6.22102982931033E-09
6.96007198967779E-09
7.37014364451388E-09
5.76840289251637E-09
4.27689416564368E-09
3.29243099967296E-09
2.15688780923812E-09
1.37493044108390E-09
1.35865872991502E-09
2.22992128422312E-09
3.42037012476382E-09
3.74043724564614E-09
5.28629164564228E-09
5.92496813436327E-09
6.01546943166826E-09
6.75644857327800E-09
5.89328436991088E-09
5.07655142970575E-09
7.17026004470240E-09
1.11357370258469E-08
1.50681468654584E-08
2.25185894755260E-08
2.49222041644486E-08
2.74739984131882E-08
3.16024660227351E-08
3.57271627432450E-08
3.90281783677848E-08
4.24006550034936E-08
4.13606501719966E-08
2.98220121812269E-08
2.47172291559062E-08
2.21527037530873E-08
2.04549949319575E-08
2.65103580627552E-08
2.72276741691059E-08
3.41193277934536E-08
4.03577160779812E-08
4.23536856130202E-08
4.72650736782989E-08
5.26649849188765E-08
5.43596846207456E-08
5.52789956305245E-08
5.70620232207675E-08
5.84871335289693E-08
5.99830693079127E-08
5.93972907537040E-08
5.86954368915475E-08
5.79097809915997E-08
5.83843745267040E-08
5.86857866598139E-08
6.06590043542031E-08
6.11299333195024E-08
6.08584901079235E-08
6.07458681958780E-08
6.10973230023388E-08
6.14156133333161E-08
6.17231476887977E-08
6.16576336672229E-08
6.17810841495041E-08
6.20026944762388E-08
6.15938127576468E-08
6.01983997542337E-08
5.95142580586334E-08
5.91830088145073E-08
5.55748737011540E-08
5.34202363288536E-08
5.58806016588431E-08
5.86232413831079E-08
5.96541267477937E-08
5.90868411296316E-08
5.55228517721974E-08
5.03953793677861E-08
4.92187811602967E-08
4.60041964610357E-08
4.45812028397027E-08
4.58816083678488E-08
4.80672426253638E-08
4.84402911211684E-08
4.79972821165945E-08
4.45870002065507E-08
4.29156957627236E-08
4.22750969779559E-08
4.34576819161077E-08
4.69682482740213E-08
5.11368348876374E-08
5.38848413977354E-08
5.36882193758820E-08
5.43100641764517E-08
5.38556461208019E-08
5.11048593984123E-08
4.90336680171824E-08
4.93856125808500E-08
4.66757209612568E-08
4.22552762389917E-08
3.55282948364686E-08
2.88442655328434E-08
3.20884766837937E-08
3.08478953962541E-08
2.92037229396041E-08
2.99341869270908E-08
3.42217541819788E-08
3.74496562952390E-08
3.84074807145203E-08
3.84939350331967E-08
3.37709135349467E-08
2.76416889770511E-08
2.27813189433495E-08
1.84902927509761E-08
1.49179078158277E-08
1.17322989072226E-08
9.37892864486238E-09
7.32719285184643E-09
5.69166902534924E-09
4.95520651154433E-09
5.10700860429946E-09
5.92867228690545E-09
6.22084454251775E-09
5.17957373633855E-09
5.36683016592119E-09
5.63060715130048E-09
8.18652987952431E-09
1.13675365428641E-08
1.53674933338476E-08
1.95037161120044E-08
2.03225120253042E-08
1.90709252326938E-08
1.71560428742534E-08
1.46161080885557E-08
1.19216052475966E-08
1.02325753374136E-08
1.13401929463744E-08
1.06166086365173E-08
1.00540901257206E-08
1.01995522514671E-08
1.09331656394349E-08
1.20776312933982E-08
1.36206126991667E-08
1.41489175544490E-08
1.41130433635285E-08
1.33782155771851E-08
1.02826334084493E-08
5.66816325230497E-09
3.53529120009650E-09
2.10111731590835E-09
1.24720565651468E-09
3.40584753516667E-10
1.64994900297814E-10
2.66857709811384E-10
6.22314370580486E-10
1.15088074900705E-09
1.32088322179853E-09
1.31599712872518E-09
1.19284193366309E-09
1.12995098091353E-09
1.64249121947248E-09
1.65891864912929E-09
1.66432679892286E-09
1.82065315895110E-09
1.98668326657352E-09
2.14138479482463E-09
2.13670912358195E-09
2.10549413748557E-09
1.79604041507979E-09
1.59809126321538E-09
1.46058621762109E-09
1.34901843344849E-09
1.48733927925537E-09
1.68064327816745E-09
2.95760082406537E-09
4.02229186499386E-09
4.88903553528111E-09
5.74056898466155E-09
7.04219061324087E-09
9.85300253779339E-09
1.42380980153981E-08
1.84660359350772E-08
2.04522400526176E-08
2.13909712636435E-08
1.97987718116869E-08
1.81759670665342E-08
1.79079669197633E-08
1.71289655904191E-08
1.53631613199288E-08
1.55314051712916E-08
1.84879800503929E-08
2.22197818469377E-08
2.16936395549167E-08
1.84007883844889E-08
1.45834431472150E-08
1.22048905058131E-08
1.24076894929636E-08
1.26689424851088E-08
1.33897787634394E-08
1.45861481918888E-08
1.73113943114656E-08
2.04635871567099E-08
2.32163757364480E-08
2.46446182662229E-08
2.37660200411532E-08
2.10160006697058E-08
1.89163167238751E-08
1.73629590598082E-08
1.83347108630681E-08
2.02515308756574E-08
2.18492506944674E-08
2.04992574965340E-08
1.77348658707252E-08
1.47223759025554E-08
1.38432153255390E-08
1.49878921929876E-08
1.74686591781917E-08
1.61844298876526E-08
1.46061230264486E-08
1.52387318773925E-08
1.43428896703814E-08
1.36518396788325E-08
1.49755611412154E-08
1.84582919683820E-08
2.20735668971135E-08
2.51648060875123E-08
2.95901420486065E-08
3.43857222664922E-08
3.67422457292764E-08
3.53355932868160E-08
3.57101331018252E-08
3.95718175754375E-08
3.62016034098184E-08
3.64205322040251E-08
3.91164822690198E-08
3.67787096633975E-08
3.94723659087745E-08
4.35523188573725E-08
4.54730091116690E-08
4.60720792719323E-08
4.64279665137161E-08
4.94260572716804E-08
4.90029390279327E-08
4.86111452957150E-08
4.71147760857999E-08
4.54038672530692E-08
4.26026279780854E-08
4.03875938404685E-08
3.87916082601212E-08
3.88720356320742E-08
4.07238997000997E-08
4.04579696513160E-08
4.07973173255487E-08
4.17175096053875E-08
4.08279459725597E-08
3.85104863172379E-08
3.71400464585179E-08
3.96450543869433E-08
3.93792681818264E-08
3.43861335707139E-08
3.17888783900308E-08
3.18707408341190E-08
3.27000644492693E-08
3.20494105805325E-08
3.00743575929528E-08
2.68934061871140E-08
2.37108999713602E-08
2.07013468839557E-08
2.26141576402649E-08
2.49589275238290E-08
2.98210034151707E-08
3.61026802122791E-08
3.88123273293048E-08
3.98688368163789E-08
4.05976045648308E-08
4.14169260577143E-08
3.48202990397372E-08
1.88628436917747E-08
1.18275026732834E-08
8.87380605291370E-09
6.22689329932931E-09
7.82268923878298E-09
9.59924813895600E-09
1.10912203796807E-08
1.07156994669485E-08
9.47336082462783E-09
8.93356252787412E-09
7.52751680960874E-09
5.45938378856445E-09
3.16381651392091E-09
1.26261311820070E-09
3.46251893159386E-10
2.21526648828394E-09
6.87372098194538E-09
1.97581562025974E-08
3.88733343812627E-08
5.22788576533950E-08
6.06120833734171E-08
6.21973871959009E-08
6.12977146465816E-08
6.09363300750975E-08
6.03524952707790E-08
5.99180619057907E-08
5.90168110344104E-08
5.45271061407442E-08
5.50725902997753E-08
5.63781125696040E-08
5.67364925342596E-08
5.61705240712588E-08
5.44172079960072E-08
5.34891714863999E-08
5.01209109267727E-08
4.69795640285858E-08
4.52133784180058E-08
4.39371186365983E-08
4.18820567853454E-08
4.08893099420584E-08
3.90573548429181E-08
3.55647817681601E-08
3.18848135659085E-08
3.01545109731993E-08
2.84851179797491E-08
2.72376270504478E-08
2.61636175207057E-08
2.29008451139045E-08
2.00225974654715E-08
1.84579203656456E-08
1.77857191985330E-08
1.84643557270508E-08
2.00962696475031E-08
1.80450639465030E-08
1.62975080303265E-08
1.57305592216748E-08
1.32411538978296E-08
9.39369601410593E-09
6.33175295745496E-09
4.14385587360541E-09
3.47842497743705E-09
3.95370099809523E-09
4.63076165868183E-09
5.44662278910131E-09
6.38982067451776E-09
6.81014778113838E-09
7.39512688280489E-09
8.39259634246086E-09
9.99963773753787E-09
1.09037049206661E-08
1.33698344075872E-08
1.50588669698136E-08
1.63793039754163E-08
1.72165461567155E-08
1.73759300061091E-08
1.39967121531851E-08
1.57226471470948E-08
1.81158379596863E-08
1.61466641564722E-08
1.30508735054599E-08
9.80452836998455E-09
9.12633469312987E-09
7.24939543611496E-09
6.94589495737600E-09
4.80533106893704E-09
4.00841740313479E-09
2.99351697268714E-09
2.77489395512486E-09
2.58944621913339E-09
2.65525655707844E-09
3.96673729549523E-09
5.74958403221212E-09
6.82804610530753E-09
9.87864672862929E-09
1.50032596365264E-08
2.04108249514032E-08
2.76728085687509E-08
3.28514329527218E-08
3.70481232305464E-08
4.78068106187698E-08
4.76333263692535E-08
4.56088021247162E-08
4.40779364010471E-08
4.59119842395003E-08
4.89460682928412E-08
5.19546192245067E-08
5.46987022145332E-08
5.57696910668554E-08
5.73523973117967E-08
5.67153067846049E-08
5.66734305840855E-08
5.68556567602662E-08
5.42997523984323E-08
5.42288333541001E-08
5.34772398244455E-08
5.69794570747782E-08
5.94894949399437E-08
5.97911045909120E-08
5.97568235655789E-08
6.10027486017988E-08
6.11656426483226E-08
6.11568706387780E-08
6.04420567551559E-08
5.74900044016874E-08
5.30277741233710E-08
4.97654848634594E-08
4.83038586490025E-08
4.59970480562034E-08
4.06992494713763E-08
2.83340086244766E-08
1.85122406266518E-08
1.32040965393131E-08
1.24521304173537E-08
1.53574857887458E-08
2.20879577157786E-08
2.74084114802116E-08
3.26096113241555E-08
3.62339166189569E-08
3.76935005620907E-08
3.89829849359788E-08
3.85935188270363E-08
3.55509497389952E-08
3.09173505126356E-08
2.20992755286455E-08
1.09653637419738E-08
4.51896540295043E-09
1.90836007334448E-09
1.56668220295877E-09
3.75622949111995E-09
5.85407529380317E-09
7.86057300568560E-09
1.21208572256715E-08
1.81589078172270E-08
2.42202683264434E-08
3.28763820706934E-08
3.31738965312592E-08
3.64498738579206E-08
4.35492953299955E-08
5.31186440942897E-08
5.44125867114453E-08
5.52806131790781E-08
5.08603957804724E-08
5.48509392424041E-08
6.05722228446214E-08
6.09768615708705E-08
5.88365588889140E-08
5.88925187064755E-08
6.00936315322308E-08
6.07388557973306E-08
6.14921903340959E-08
6.19679751116747E-08
6.21521868766988E-08
6.23815606844182E-08
6.22348522566100E-08
6.24021846362845E-08
6.24542507395757E-08
6.25932509834829E-08
6.29341770985248E-08
6.31479238791153E-08
6.31479238791153E-08
6.31479238791153E-08
6.26798184296221E-08
6.26798184296221E-08
6.26798184296221E-08
6.24660716490316E-08
6.22523248684412E-08
6.21251455339898E-08
6.21251455339898E-08
6.23388923145803E-08
6.21251455339898E-08
6.19979661995385E-08
6.19979661995385E-08
6.21224939260111E-08
6.19902041831150E-08
6.18434342041506E-08
6.20077223546766E-08
6.21193908373325E-08
6.18611602642477E-08
6.19728004848292E-08
6.19994010737600E-08
6.20470576997159E-08
6.17147556735298E-08
5.51595840519936E-08
5.93775445094512E-08
6.12059153125774E-08
6.01254399823052E-08
6.06070891798886E-08
6.01780667354853E-08
5.96514841250963E-08
5.68274366436450E-08
5.58631356177464E-08
5.54463851280888E-08
5.60537116139970E-08
5.68111830217870E-08
5.69791311505206E-08
5.93792099926993E-08
5.77042623537454E-08
5.58160397604277E-08
5.16628454878919E-08
4.78611602897498E-08
4.35966432501844E-08
4.09782737271044E-08
3.69488573652515E-08
3.97247376430206E-08
4.22251903504725E-08
4.21949753826473E-08
3.93409242656045E-08
3.57868330070039E-08
3.61349503553995E-08
3.69958755216572E-08
3.34737609001811E-08
3.44171708699032E-08
3.60818765547860E-08
3.72135196185471E-08
3.79667054033863E-08
3.95363100789940E-08
3.79645372589591E-08
3.49079989084035E-08
3.05958507341650E-08
2.67391593457646E-08
2.15996967761133E-08
1.96788585219626E-08
2.17180227584953E-08
3.38498717144450E-08
3.92506103133944E-08
4.41950513891688E-08
4.93454973767235E-08
5.23223453067263E-08
5.60534266578723E-08
5.76806124995379E-08
5.98418086918007E-08
6.16955162466433E-08
6.24425188912783E-08
6.27558536218959E-08
6.33996518001417E-08
6.30768850574206E-08
6.25929560525085E-08
6.19905963688747E-08
6.13425857957417E-08
6.05983366450507E-08
6.00699759781092E-08
5.94979566208290E-08
6.05774829945608E-08
6.07812734501113E-08
6.07752760716927E-08
6.07201618205620E-08
6.03152856770556E-08
6.07430275011639E-08
6.11862813249670E-08
6.09033738839767E-08
5.79740075054834E-08
5.56863994088770E-08
5.39648012975627E-08
5.42696980969372E-08
5.51834474550679E-08
4.99977864083318E-08
5.02400908671259E-08
4.44472299992405E-08
4.38271306390479E-08
3.98738088039919E-08
3.57717507966690E-08
3.27919021785286E-08
2.63548735483805E-08
1.28893995292140E-08
1.11865769351068E-08
8.91367861486143E-09
5.83938154845063E-09
3.27048494480321E-09
2.40752593834546E-09
2.75778233785648E-09
4.36439200401946E-09
5.60711800300581E-09
7.27350456882151E-09
5.37922478756930E-09
4.66900273895262E-09
4.98214949115143E-09
5.11313886196679E-09
4.21520921972950E-09
6.34928818917628E-09
1.07209855435808E-08
1.34503987358107E-08
1.35479498769324E-08
1.36710034235255E-08
1.48637503586194E-08
1.65439355853526E-08
1.42705837261051E-08
1.44468162050615E-08
1.21678131975970E-08
1.02430216967394E-08
1.05501779579157E-08
1.16120600099026E-08
1.42527996772980E-08
1.97263077739584E-08
3.06647981623598E-08
3.78772596589328E-08
3.77920812502056E-08
4.33691839407124E-08
4.23782434160523E-08
3.81975749635770E-08
3.40307300695608E-08
2.99017640737704E-08
2.37500907998261E-08
1.96099126770772E-08
1.94468860283840E-08
2.07315941117116E-08
2.18683203905770E-08
2.29279569138856E-08
1.96795381575593E-08
1.66881997791420E-08
1.43866893940123E-08
1.37529358103102E-08
1.38411388943137E-08
1.21023748582157E-08
1.50031427882863E-08
2.07910885489521E-08
1.59008514796849E-08
1.56069703977272E-08
1.62889571299517E-08
1.62274780934362E-08
1.80557939557232E-08
2.01319615599189E-08
2.16233207827934E-08
2.21495251009635E-08
2.74036510623286E-08
3.36500187120893E-08
3.50668234141385E-08
3.65108920326275E-08
3.88184414372154E-08
4.13197028595699E-08
4.24996286294402E-08
4.02387743069574E-08
3.87252455054965E-08
3.71777783464580E-08
3.50509768215666E-08
3.52707034850059E-08
3.19456420997217E-08
3.09676019057595E-08
2.78170690417630E-08
2.09465360534675E-08
1.66548609812841E-08
1.61893640737516E-08
1.57566409205043E-08
1.43329886424252E-08
1.48144712758507E-08
1.52196523647641E-08
1.67558053921304E-08
1.82640052488547E-08
2.09888123958766E-08
2.68180010332674E-08
3.74517938026276E-08
4.38591585358171E-08
4.74512998483990E-08
5.00060970019094E-08
5.14167393051087E-08
5.19864951235652E-08
5.44735898842949E-08
5.65995898587592E-08
5.74503337116990E-08
5.81821023066195E-08
5.95487735721013E-08
6.04090818809833E-08
6.20359852602367E-08
6.19555741963713E-08
6.20695997914415E-08
6.23037394398788E-08
6.25358286629494E-08
6.27366848106125E-08
6.32513376194357E-08
6.33361619605791E-08
6.32858228521096E-08
6.28436174958480E-08
6.23239094569156E-08
6.29971826828812E-08
6.33662891734760E-08
6.34488011702808E-08
6.36266116546363E-08
6.37898675269603E-08
6.37950677486357E-08
6.37977881909943E-08
6.36705733112450E-08
6.34568265306545E-08
6.33038931632717E-08
6.33998146435223E-08
6.33583186351932E-08
6.32495988289583E-08
6.32349087252176E-08
6.31876810178015E-08
6.30997120261055E-08
6.28748074260718E-08
6.27678843198587E-08
6.30556602396044E-08
6.19615699518978E-08
6.31755642669682E-08
6.32018780789683E-08
6.33031570035263E-08
6.33211599448697E-08
6.33427115577638E-08
6.35511943093066E-08
6.35173992808203E-08
6.34127203574725E-08
6.27453978418786E-08
6.16183165302428E-08
6.14932929508219E-08
6.19337844537306E-08
6.17166693801226E-08
6.22864744790868E-08
6.26902599598540E-08
6.29157751631909E-08
6.21675837697939E-08
6.23534914571910E-08
6.19145713493643E-08
6.10097143718818E-08
5.89274003602620E-08
5.87524195270369E-08
6.04968811023197E-08
5.91231972799595E-08
5.86057696420969E-08
6.25616033976523E-08
6.27494203187929E-08
6.27448326003922E-08
6.25756451361585E-08
6.21957064337162E-08
6.24512219476947E-08
6.24552742304100E-08
6.25025529599744E-08
6.22869689862220E-08
6.22485360880069E-08
6.16772674965022E-08
6.10087315325184E-08
6.12993213890478E-08
6.21548956025671E-08
6.21937690170639E-08
6.23110998498513E-08
6.23324453950158E-08
6.26384041200624E-08
6.23793719965504E-08
6.23992757800971E-08
6.25107599259461E-08
6.26626438758017E-08
6.25965476713289E-08
6.22301983954555E-08
6.22280603339085E-08
6.22036096021804E-08
6.23513248564906E-08
6.27118090394529E-08
6.27685657762614E-08
6.25791662185414E-08
6.26195131004284E-08
6.22985630470113E-08
6.23659145388272E-08
6.24366370548694E-08
6.22170025004593E-08
6.22008591561070E-08
6.24321942884520E-08
6.28139682049194E-08
6.26007946615283E-08
6.23890806919867E-08
6.16393795734122E-08
6.01025139776119E-08
5.58031894623095E-08
4.87952434187007E-08
4.39123780800688E-08
3.78648548249385E-08
2.78020101456604E-08
2.58079719315322E-08
2.01021709586187E-08
1.54263155770458E-08
1.27784755978438E-08
1.14342906124283E-08
1.17069409391591E-08
8.76079488423103E-09
8.58879435403390E-09
1.16326326625416E-08
1.44814820537650E-08
1.85347063632775E-08
2.24995920574945E-08
2.72063784981903E-08
3.48708111247681E-08
3.88844802467193E-08
4.28704547524677E-08
4.72680382669801E-08
5.12239853083293E-08
5.39353010356395E-08
5.43577031089241E-08
5.29236696247046E-08
4.91950098266690E-08
4.68158585359505E-08
4.01679208908034E-08
4.41503550373760E-08
4.67937999473590E-08
4.96632524699291E-08
5.37210736018719E-08
5.61702813499146E-08
5.68948162392043E-08
5.70882001160799E-08
5.66619242782245E-08
5.60326925472485E-08
5.50166155595219E-08
5.38610697078630E-08
5.43884462292109E-08
5.47465678769239E-08
5.37694878018339E-08
5.43596909539836E-08
5.50155309925241E-08
5.50235670798196E-08
5.51172205483971E-08
5.52026817361985E-08
5.44329711085865E-08
5.23528974798891E-08
4.90861291561903E-08
4.57873980889076E-08
4.13753656878546E-08
3.76384283478269E-08
3.16619915720070E-08
2.35676099878974E-08
1.69344979777832E-08
1.31368161776759E-08
1.14893629454402E-08
1.24320743590171E-08
1.01829043063816E-08
9.48216216498054E-09
1.20306567571689E-08
1.61547479805487E-08
2.35370697687212E-08
3.27301594022354E-08
3.94478637194880E-08
4.59749334184562E-08
5.22668742172203E-08
5.37628550017358E-08
5.63474443398559E-08
5.77035174857977E-08
5.40054066151405E-08
5.60220985443131E-08
5.95003866050624E-08
5.83667309966139E-08
5.75051636400287E-08
5.49309310063348E-08
5.58861383337842E-08
5.36189602732149E-08
5.05563144646485E-08
4.84149561506750E-08
4.47963700072330E-08
4.02444334508872E-08
3.58776859177629E-08
3.38342080732842E-08
3.30456105030600E-08
3.24165175095776E-08
2.90229788202677E-08
2.57059478619475E-08
2.92108580050538E-08
3.48217096497410E-08
3.66244000834096E-08
3.60830602369577E-08
4.18056564819042E-08
4.71388027280823E-08
4.28269974986784E-08
3.96149696859061E-08
4.89873160382429E-08
5.67349707363473E-08
6.06805797959049E-08
6.01833706243493E-08
6.14990117459366E-08
6.22690714537076E-08
6.31286586442842E-08
6.43454942873924E-08
6.42415368385945E-08
6.41988153091406E-08
6.41594070526996E-08
6.42023240812922E-08
6.46262703959011E-08
6.44117318022368E-08
6.43985899376768E-08
6.43800709957718E-08
6.43959615647648E-08
6.44040873465426E-08
6.40661452157233E-08
6.38959023965518E-08
6.36429338733777E-08
6.31332057507966E-08
6.17094139435692E-08
6.06049686930770E-08
6.05872475412392E-08
5.96990321756042E-08
5.41918452653737E-08
5.30154133845459E-08
4.98194149970083E-08
5.10896817540982E-08
4.53850981086828E-08
4.30217564402598E-08
4.13772920213406E-08
4.21995762029340E-08
4.03931566795989E-08
3.51365922237119E-08
3.44309345396810E-08
3.80871491017883E-08
3.21664764464774E-08
2.63988491776955E-08
2.31162060785159E-08
2.13036117669340E-08
2.18024247914161E-08
2.26591812621285E-08
2.49359092517754E-08
2.74303584059015E-08
2.74498814430996E-08
2.48078758010219E-08
1.94698092227029E-08
1.50389628696050E-08
1.17220167370905E-08
1.21153801623325E-08
1.42063801306263E-08
1.74782172217304E-08
2.38314578659589E-08
3.36282822082300E-08
4.19522948086849E-08
4.73893616521326E-08
5.07125722277933E-08
5.10162393498557E-08
5.08881169171091E-08
5.07016195260940E-08
4.81436449871073E-08
4.55726166947336E-08
4.55180561269302E-08
4.82666407033215E-08
5.26325303597836E-08
5.59542322790007E-08
5.76398834859064E-08
5.81051920191928E-08
5.82680661951826E-08
5.80941890474173E-08
5.84329717968254E-08
5.89049154260087E-08
5.66317610450368E-08
5.63332343351340E-08
5.53074197961557E-08
5.47139458432702E-08
5.46310244422150E-08
5.42401419046064E-08
5.27497588711955E-08
5.11121806214749E-08
4.95763178939029E-08
4.80732967258449E-08
4.68093937249888E-08
4.40555852564454E-08
4.15173843529657E-08
3.89646730513719E-08
3.90877347520089E-08
3.89370160387694E-08
3.83727734226910E-08
3.82692281489350E-08
3.68736952494110E-08
3.67767682093060E-08
3.58038954625127E-08
3.48424488269551E-08
3.29969920561742E-08
3.30483058499632E-08
3.05554917795431E-08
2.79470495673568E-08
2.68577251203682E-08
2.51350527335678E-08
2.23173027468482E-08
1.81336696661088E-08
1.65218861403734E-08
1.50756409859169E-08
1.37515885326860E-08
1.34542535006677E-08
1.29470842437122E-08
1.18517366895257E-08
9.54166111465308E-09
7.85868506745468E-09
7.04081459854941E-09
6.71817729137874E-09
7.17163166570998E-09
8.86714934484231E-09
1.09828979445440E-08
1.32052321680418E-08
1.42040069476207E-08
1.49839448045257E-08
1.39327165649899E-08
1.30755440005447E-08
1.23647561562832E-08
1.00925424986424E-08
8.67881931268003E-09
6.99503732137055E-09
5.01184925006985E-09
2.95533700816249E-09
1.55726721143208E-09
8.55248605923521E-10
5.01519296220752E-10
3.08152558670300E-10
1.75068746484311E-10
1.29212937154966E-10
1.15301782098555E-10
3.09798250549895E-10
1.81732262786482E-10
6.27296926784205E-11
5.54599271741206E-11
2.97372754366805E-10
8.19608744807022E-10
1.31009736133625E-09
1.68040198180180E-09
1.96654554905029E-09
2.48677160726369E-09
2.92991317442431E-09
3.30161993418780E-09
2.81103038167886E-09
2.10928133461027E-09
1.45465711942393E-09
8.87582398085344E-10
7.10201940586197E-10
1.14285261784176E-09
1.83221210985258E-09
2.05843370671665E-09
2.05632723219393E-09
1.96455018327074E-09
2.15401972326996E-09
3.33577429476194E-09
4.94673873491753E-09
5.93558703484027E-09
4.53200965648061E-09
2.58099237563009E-09
1.61260071134375E-09
1.79962914436043E-09
3.43716698010642E-09
7.37138230710740E-09
1.23271513685120E-08
1.62998481617465E-08
1.90067167685384E-08
1.71303867690136E-08
2.21642539166212E-08
2.67542171335506E-08
3.04661791914174E-08
3.10928454860335E-08
3.08493787197459E-08
2.97727729186917E-08
2.84975114930805E-08
2.83072021261473E-08
2.97924794218765E-08
3.23030081921481E-08
3.50121093048977E-08
4.20568950019686E-08
4.90046209380168E-08
4.85786612079002E-08
4.75197545506819E-08
4.20546176883523E-08
3.80529869434150E-08
3.49509365596021E-08
3.19835935531048E-08
3.37696534185096E-08
3.77260566113216E-08
4.01820565195623E-08
4.01634507331321E-08
3.68266495434203E-08
3.54009349651532E-08
3.17973991679426E-08
2.63060661335077E-08
2.36621638054142E-08
2.63096149633893E-08
3.00303894051925E-08
3.23634864979031E-08
3.38896084284389E-08
3.62456264592524E-08
3.77156716844039E-08
3.85049979728190E-08
3.98875758383023E-08
4.11422105412555E-08
4.46696967776588E-08
4.56321782642963E-08
4.43004297394821E-08
4.37467585641787E-08
4.37038202004907E-08
4.21732258164848E-08
4.05098970566963E-08
3.81281481488526E-08
3.58372618099558E-08
3.29333806976086E-08
2.96496079071108E-08
2.35586099817871E-08
1.90636557838515E-08
1.57209674140612E-08
1.30314724226750E-08
1.13285833295693E-08
8.56247891914153E-09
6.08806405284651E-09
5.20497793703909E-09
3.53353970356052E-09
2.98721235306268E-09
4.40501430259151E-09
4.18555438721774E-09
4.00215513703907E-09
4.52264517252650E-09
5.31695187967756E-09
6.57677017955656E-09
6.58835739253239E-09
5.74979370197079E-09
5.53919081986090E-09
5.72416411716494E-09
6.04503168015783E-09
5.90384025467036E-09
5.67902396372320E-09
7.20711473960467E-09
8.51346135951709E-09
8.87742320259961E-09
8.06301163159718E-09
6.97470129433424E-09
5.74354647731519E-09
4.49326551920339E-09
3.92263753471664E-09
3.66681303789197E-09
3.95431734089533E-09
4.81545779766036E-09
5.82630234336356E-09
4.96601105505854E-09
4.23371248687047E-09
3.62036443749111E-09
3.95205922490661E-09
4.37568301937319E-09
6.08781428577514E-09
7.80865470433490E-09
8.88860983827548E-09
1.22475283969433E-08
1.37210897962183E-08
1.53948768297364E-08
1.84559511640553E-08
2.68864602083996E-08
3.97633997252838E-08
4.65967483340594E-08
4.84106154285541E-08
4.83439341120609E-08
4.95275684677400E-08
5.36035843589704E-08
5.66714609470851E-08
5.78222170104702E-08
5.92507897790212E-08
6.00687012160594E-08
6.03575728255520E-08
6.06699137128053E-08
6.10651670949978E-08
6.18332241141828E-08
6.25270209101932E-08
6.28786458432583E-08
6.28303957137418E-08
6.28321129316274E-08
6.28063853399643E-08
6.24694168653133E-08
6.22820309210147E-08
6.22281287328783E-08
6.17432054887746E-08
5.99225570797520E-08
5.77108847831663E-08
5.77279170370468E-08
5.89682675572287E-08
6.00328564746954E-08
6.00627670908546E-08
5.98204681340611E-08
5.90289197103653E-08
6.07156953045025E-08
6.10398608219888E-08
6.08979793110620E-08
6.11519816165821E-08
6.02468156562534E-08
5.87556304786742E-08
5.83839599371152E-08
5.64622709707777E-08
5.05722289811974E-08
4.27515611536350E-08
3.65358426943259E-08
2.95179662919528E-08
2.47488562378790E-08
2.63127734283171E-08
3.02727224427227E-08
4.22249662725974E-08
5.17847109982123E-08
6.05291873053138E-08
6.19900329086114E-08
6.22070849665018E-08
6.21592721866479E-08
6.20900348544862E-08
6.08805415716223E-08
5.39705285238004E-08
4.70585565658999E-08
4.87460261641674E-08
4.84784721940097E-08
3.79923068844488E-08
2.66793636443116E-08
1.71187630607542E-08
2.27208455854366E-08
2.28302514792545E-08
2.16117210220899E-08
2.23501689664074E-08
2.36620730026152E-08
2.53902531293759E-08
2.77651900064876E-08
3.35252933490101E-08
4.40973972537651E-08
5.32344901390240E-08
5.49752412285268E-08
5.94692175745239E-08
5.85848018745757E-08
5.65252483326424E-08
6.02811866531479E-08
5.94480419580499E-08
5.39428784381769E-08
4.05050961060906E-08
4.28249050760274E-08
4.78210207422398E-08
5.40134875100945E-08
5.63147440907135E-08
6.01889250719393E-08
6.24477269503356E-08
6.31127736168745E-08
6.26775995797086E-08
6.20581054395671E-08
6.10230193173188E-08
6.09431706449828E-08
6.08990091351343E-08
5.91725608718720E-08
5.68882994561086E-08
5.31445675017534E-08
5.11519328519017E-08
4.87862389001583E-08
4.37252447527986E-08
3.85188302790630E-08
3.45294576744961E-08
3.00594773337428E-08
2.80522090251336E-08
2.67779093017041E-08
2.52075908701801E-08
2.20245711871600E-08
2.01999384193989E-08
1.74468189279783E-08
1.36442090770963E-08
9.81794094088387E-09
6.76731102633666E-09
1.09300483801365E-08
1.09936626678246E-08
9.24006171561378E-09
1.14743419300170E-08
1.82419810180791E-08
2.00846953384996E-08
2.32877576613083E-08
3.18804342110361E-08
3.70511320727278E-08
3.43432104463797E-08
3.65465022066911E-08
3.43578231262866E-08
2.90624607797653E-08
2.25593634551469E-08
1.79961079380349E-08
1.38715520529037E-08
1.38106488264655E-08
1.85159781870241E-08
2.36868707957826E-08
3.09541099714723E-08
3.53490108847229E-08
3.66396329456421E-08
4.28753979634307E-08
4.70055333124418E-08
5.02825946123600E-08
5.14081496532342E-08
5.23240693724254E-08
5.34878396856259E-08
5.37369998744937E-08
5.40550160554335E-08
5.53737628385773E-08
5.56089851936238E-08
5.40119780619961E-08
5.10450190872146E-08
4.56390152321527E-08
4.16880364180565E-08
4.04576989845595E-08
3.73906950374678E-08
3.51877189494851E-08
3.44668669172250E-08
3.17645863850786E-08
3.18365614968378E-08
3.30884183228808E-08
3.06159998910993E-08
2.45243997144298E-08
2.06245142974421E-08
2.02666698476374E-08
2.02638441943635E-08
1.93719449821304E-08
1.71218713347713E-08
1.57412822247505E-08
1.37052102312263E-08
1.22216545866493E-08
1.27946140735194E-08
1.53583376092492E-08
1.78583218550069E-08
1.71031984951844E-08
1.33377045061044E-08
5.99750239186740E-09
4.80119629579746E-09
4.59664711834126E-09
3.90968859641753E-09
4.45349143910564E-09
5.77700699208988E-09
7.21754091173446E-09
7.36389467821787E-09
8.23304553308190E-09
9.26531661022986E-09
9.84138591484386E-09
9.49760853649721E-09
8.11862494187772E-09
6.87435474114983E-09
7.80032198400728E-09
8.73124340224602E-09
1.22231063231169E-08
1.83380130924973E-08
2.66693023458528E-08
3.40545129613478E-08
3.93584646034989E-08
4.14616746983029E-08
3.86461343783018E-08
3.51824434414437E-08
3.13538302655517E-08
3.00687487190991E-08
3.18786854852917E-08
3.55805228331548E-08
4.23261770356820E-08
4.36108061910317E-08
4.21065331001632E-08
4.12314914631915E-08
4.40357205806430E-08
4.65257477888715E-08
4.89424977716197E-08
4.89197756576054E-08
4.99555735962158E-08
5.08447606784650E-08
5.06431366652839E-08
5.09463101906141E-08
4.98561377230649E-08
4.80249271752103E-08
4.59421794951223E-08
4.54149257198423E-08
4.57949802413736E-08
4.83346278938959E-08
5.05414786172697E-08
5.31733363142769E-08
5.63072464078088E-08
5.40031237203583E-08
5.17254935213836E-08
4.94073569616740E-08
5.01573384843584E-08
5.17321317838995E-08
5.09254363133455E-08
4.97480911004406E-08
4.85742128603170E-08
4.68842258395497E-08
4.24350490375412E-08
4.02781078311907E-08
4.09433364991550E-08
4.13422746383484E-08
4.24058150091080E-08
4.48734479671341E-08
4.86599357295936E-08
5.15926738843853E-08
5.41299606245506E-08
5.48818432269347E-08
5.51380000604205E-08
5.50063512807870E-08
5.36499569605159E-08
5.10186024392633E-08
4.71642516968585E-08
4.62271189950896E-08
4.85296748394727E-08
4.81652683239212E-08
4.86569790970424E-08
5.25673082213125E-08
5.54339726942089E-08
5.69599988345209E-08
5.77492403762957E-08
5.86596978756744E-08
5.87095148086754E-08
5.90045854310499E-08
5.62170843741438E-08
5.23406126607538E-08
5.17134480986426E-08
5.40750165791897E-08
5.15689302586736E-08
5.02416633705245E-08
5.03910093544397E-08
5.08240821815869E-08
4.85574882038869E-08
4.87587743388237E-08
5.03340026130634E-08
5.03052322172304E-08
4.83199333568886E-08
4.71067025928178E-08
4.74264661932717E-08
4.74220937257956E-08
4.57558173187373E-08
4.10342508819048E-08
4.12352108946703E-08
4.37288241405532E-08
4.63371770540846E-08
4.59112485943305E-08
4.44927711258095E-08
4.26153691070146E-08
4.02995606455729E-08
3.85714587738835E-08
3.98512698393024E-08
4.06428079714865E-08
4.16383256855392E-08
4.11380454081566E-08
3.94306187083955E-08
3.82530460530830E-08
3.99676137952873E-08
4.08074805099730E-08
4.02375494587392E-08
4.03812957124130E-08
4.05545821274091E-08
4.33057112800578E-08
4.31914019163449E-08
3.86636505311438E-08
3.67827943247918E-08
3.50310247470806E-08
2.89227204574216E-08
2.23150702013076E-08
1.55504321576277E-08
9.48107637091791E-09
4.91138889651613E-09
2.23599022823061E-09
4.98496520915829E-10
1.55800265868823E-10
5.28042659231381E-10
6.65568762841835E-10
3.62232394131076E-10
7.24484658796200E-10
3.62119658537414E-09
2.19950035158355E-08
2.27483809998706E-08
9.64536847971768E-09
4.85474370386088E-09
5.59391648726094E-09
9.59080185575551E-09
1.35567871188276E-08
1.56986374462239E-08
1.69894338295175E-08
1.74898091450519E-08
1.99533129506870E-08
2.31561431603252E-08
2.42796272719746E-08
3.27599127957627E-08
3.52725018475027E-08
3.86666499130511E-08
4.00944029231158E-08
3.40778522098169E-08
2.85290421515056E-08
2.39523796050776E-08
1.62857839402456E-08
8.67901006189037E-09
2.91619609352813E-09
8.54704659949654E-10
8.30839436069356E-10
1.89552018548620E-09
5.76225240807035E-09
1.19323710396112E-08
1.06355484616663E-08
4.80219884736390E-09
5.43499290593486E-09
1.10510408931891E-08
1.04287368537030E-08
1.28098204944835E-08
2.09985791987711E-08
3.09177428963089E-08
4.09133752962577E-08
5.35962050284496E-08
5.54126715608755E-08
5.39874876683653E-08
5.10591740719318E-08
5.06444591641147E-08
4.98401379848830E-08
4.64967448048751E-08
4.17170804097686E-08
3.90019507669861E-08
3.99990700777492E-08
3.88303700117164E-08
4.64337063668469E-08
5.36373926080909E-08
5.24460114753422E-08
4.90653541961817E-08
4.70489908037275E-08
4.89436380711114E-08
4.86124648258405E-08
4.62746637206474E-08
4.55463201408068E-08
4.53502706436636E-08
4.63219251921383E-08
4.72633337795048E-08
4.78883540655794E-08
4.80335226457471E-08
4.72372921384053E-08
4.65233766245855E-08
4.61541874852354E-08
4.45679541809179E-08
4.33598197734202E-08
4.37006694146139E-08
4.43983939660486E-08
4.55570412439111E-08
4.56940488136650E-08
4.48439011163293E-08
4.40143528691457E-08
4.13878395937252E-08
3.88979533792064E-08
3.54821303609550E-08
3.28714390972267E-08
3.68802262822920E-08
3.25889638997260E-08
2.95819245932095E-08
2.93302445277122E-08
3.07398659525377E-08
3.14897117460165E-08
2.94988381321404E-08
2.57163575280760E-08
2.26475887054832E-08
1.93417433536877E-08
1.81222122845108E-08
1.73146871597861E-08
1.49362041840016E-08
1.28929715149968E-08
1.38088872759142E-08
1.45780922340593E-08
1.51664442599235E-08
1.50547961227946E-08
1.52910388020565E-08
1.52791893930298E-08
1.40187557795019E-08
1.18573861356848E-08
1.06117512805111E-08
1.07290851611693E-08
9.73998068177173E-09
9.54523171504012E-09
9.79661582041171E-09
9.61958123686977E-09
9.55398963313019E-09
8.37556088237872E-09
8.01954234465582E-09
9.37936171958947E-09
8.52220182162010E-09
6.41636842049447E-09
6.20453514858311E-09
4.46438615209508E-09
4.98099474396066E-09
5.84065686465876E-09
4.50817601962454E-09
2.90032456383181E-09
1.91280814384857E-09
2.16285102775470E-09
3.29230338492839E-09
3.64799413800499E-09
5.31889622330892E-09
8.46226243483135E-09
1.10740937209722E-08
1.67909655104726E-08
2.85145831713671E-08
3.65102189281824E-08
3.65338382640995E-08
3.49851879374650E-08
3.60782008226492E-08
3.53533780481122E-08
3.63610710162838E-08
3.56249365246217E-08
3.87903746641180E-08
3.75595380527228E-08
3.40044873481565E-08
3.35494157023509E-08
2.95810119736218E-08
2.52771572140530E-08
2.74343717392035E-08
2.69844807612011E-08
2.25313532457808E-08
1.82547325176853E-08
1.67735436437105E-08
1.75105970090328E-08
1.97705835195864E-08
2.36822115117931E-08
2.67346669030121E-08
2.55508521292171E-08
1.90110219453614E-08
1.60611166783038E-08
1.64887374188192E-08
1.72933096317700E-08
1.85280421344861E-08
1.82453578213851E-08
1.69758893689380E-08
1.54633752709438E-08
1.42658511348864E-08
1.31126254253653E-08
1.10515097902933E-08
8.15780959543664E-09
6.06127833545410E-09
4.30606173466116E-09
4.11567003563463E-09
5.06700589431197E-09
6.45700263347041E-09
6.45991038134120E-09
5.50547353187033E-09
4.64685691000850E-09
4.77386675117938E-09
5.30521152109172E-09
4.67875236293916E-09
3.23493307611138E-09
1.96731396872651E-09
1.50646514326892E-09
1.19044163648253E-09
9.56101699395218E-10
9.10469770027174E-10
9.69769776862813E-10
9.59974276483934E-10
1.01722179965032E-09
1.12221936403220E-09
1.12354649404325E-09
1.17072278348379E-09
1.49518279653462E-09
2.05259228428227E-09
3.03904254324047E-09
3.10175078207537E-09
2.42438375110326E-09
1.77172331467223E-09
1.78955201280676E-09
2.55673037439263E-09
3.95857394969984E-09
5.71090271273877E-09
7.47200574153815E-09
9.40578933195895E-09
1.18767777977783E-08
1.90139053498488E-08
2.13875072991503E-08
2.20356371350703E-08
2.24319533533380E-08
2.12516994425767E-08
1.96683114641535E-08
1.58920850117236E-08
1.20632354477254E-08
9.64834870358017E-09
7.62414982914225E-09
5.61451510617551E-09
4.61579942362323E-09
3.94065599249305E-09
3.44383627548821E-09
4.28168605180262E-09
5.26824239249639E-09
9.31612342832145E-09
1.32875955316687E-08
1.41996365780296E-08
1.77857556938166E-08
2.38069643452920E-08
2.40023757687124E-08
2.23308447532980E-08
2.26018989457361E-08
3.57375017541876E-08
4.15767555295628E-08
4.08662208169054E-08
3.91241415286576E-08
3.91564103259650E-08
3.88860079820422E-08
3.73183148359767E-08
3.47094444969054E-08
3.12822871993685E-08
2.58660755105548E-08
2.15203679834471E-08
1.81458741322877E-08
1.38649532939596E-08
1.03506179469803E-08
1.11919757037916E-08
1.13032659733941E-08
1.21963982670547E-08
1.29782134935999E-08
1.29127025198959E-08
1.19790481907363E-08
1.08871650364531E-08
9.43058031689560E-09
6.99640098624798E-09
5.02534165934999E-09
2.78799045786806E-09
2.42149421129158E-09
2.51402851755912E-09
2.06668658866346E-09
1.75056555001275E-09
1.61204116977145E-09
1.76324461321000E-09
1.89370769195227E-09
2.05872004823717E-09
2.26423603404817E-09
2.72035167454600E-09
2.70559451764856E-09
2.14232971392579E-09
1.79797498177508E-09
1.69911183124794E-09
2.49107484453256E-09
4.01253986604311E-09
6.58913527248277E-09
9.61867962128304E-09
1.26157601090473E-08
1.39129758623203E-08
1.62013063438796E-08
1.92911709841482E-08
2.27122865706007E-08
2.36187780380483E-08
2.38751525765884E-08
2.28870852836522E-08
2.17555159229477E-08
2.11689255663829E-08
2.16781372925752E-08
2.26448227825596E-08
2.51530312919452E-08
2.78646023674927E-08
2.87410610664542E-08
2.77602332978112E-08
2.78903753209725E-08
3.17834824713030E-08
3.55460321380631E-08
3.72231083782899E-08
4.14241633653742E-08
4.59712992086106E-08
4.85220946265610E-08
4.78136894651621E-08
4.76633943663755E-08
4.98493348359452E-08
5.23724808015959E-08
5.38025465122438E-08
5.36746024393109E-08
4.83885875561667E-08
4.29344598801024E-08
4.01911970048068E-08
4.07317453944295E-08
4.38296064600909E-08
4.72718601385826E-08
5.03565105844697E-08
4.98173805234845E-08
4.65322067415881E-08
4.50621029339856E-08
4.22584567119214E-08
3.49552204804953E-08
2.57114250836174E-08
1.69081540829027E-08
1.31270210335416E-08
1.00469128254903E-08
5.48649606353834E-09
3.74459576842800E-09
3.25853606435809E-09
1.64604008893681E-09
9.03889298307534E-10
1.16018926297082E-09
2.05250417310939E-09
4.03523593461631E-09
8.23820158042263E-09
7.06130064415952E-09
5.99243041826040E-09
5.20601278811906E-09
4.15622183735183E-09
2.56842798362234E-09
1.69874113891457E-09
8.84895046895000E-10
9.50620875696248E-10
1.56667175311617E-09
3.06208365453339E-09
5.92177634077074E-09
7.70495070380300E-09
1.02402071266318E-08
1.25967254436601E-08
1.58492192823583E-08
2.04425077658699E-08
2.66823470743758E-08
3.17394312389601E-08
3.41776827228571E-08
3.42278008013224E-08
3.50569174383402E-08
3.76203643699028E-08
3.88914968410368E-08
3.68759652402209E-08
3.80450774417129E-08
3.82032051329432E-08
3.80542914716831E-08
3.78598556835678E-08
3.86453563004378E-08
3.85297452979966E-08
3.88663259014063E-08
3.86549728868447E-08
3.79609820958395E-08
3.70583751594673E-08
3.63941232747076E-08
3.53903760721057E-08
3.40065098281110E-08
3.26511186135647E-08
3.12796177395753E-08
3.01735450448454E-08
2.80550485323655E-08
2.59517990527380E-08
2.33692426048324E-08
2.81896216450367E-08
2.93828674413669E-08
2.85568073833115E-08
3.18344005168860E-08
2.96728113076260E-08
3.03874822975670E-08
3.25233375027605E-08
3.12264620818614E-08
2.72732168789845E-08
2.37975455538225E-08
2.33367746667743E-08
2.22161912176856E-08
2.24589600611519E-08
2.32159067205955E-08
2.41370737649192E-08
2.16974632869077E-08
1.68738500995822E-08
1.28182693505619E-08
1.05497106441209E-08
1.02000159236501E-08
7.89781608640475E-09
6.11985734273259E-09
5.47888477817794E-09
5.29766511183750E-09
5.98296681913249E-09
5.27981800773020E-09
5.62784633454999E-09
6.87574278899335E-09
1.23586947725785E-08
1.17959811980533E-08
1.31169787347967E-08
1.31107401787606E-08
1.53092942812629E-08
1.80644351047387E-08
2.10461344137543E-08
2.13256093189448E-08
2.38455493599658E-08
2.63738362127689E-08
2.81287990090512E-08
2.79875529989692E-08
2.58641999221379E-08
2.38231108166805E-08
2.21792467491356E-08
1.96042254294040E-08
1.61785842298653E-08
1.26848059399267E-08
1.00467970064015E-08
8.28104383722480E-09
7.53356833721183E-09
8.16008394034758E-09
1.08055400096222E-08
1.12593521327319E-08
5.20748114933625E-09
5.08379491227259E-09
3.82983596580789E-09
2.71668611517256E-09
2.11362633166683E-09
2.41025113063251E-09
3.84365255770526E-09
6.80632313874434E-09
1.09857727595774E-08
1.31237416037690E-08
1.24534300373624E-08
1.37326688155675E-08
1.32972232408248E-08
1.29831240092220E-08
9.68463696951389E-09
8.53848208266021E-09
6.88193732902581E-09
5.33159408830631E-09
3.68042755991620E-09
2.64334021364326E-09
1.32597827214128E-09
4.01729988809863E-10
8.52295496235932E-11
2.51192049930924E-11
1.32677970382022E-10
1.62483296460409E-10
1.16515745064099E-10
7.54209473587192E-11
3.49318842798892E-11
1.70927363027609E-11
7.64383424515910E-11
2.45626044181646E-10
4.21016717067175E-10
6.59032227960428E-10
1.03378392936165E-09
1.65117013041919E-09
2.01729699089264E-09
2.74007709827911E-09
4.18592800867366E-09
8.68329160781924E-09
1.09925659489265E-08
1.13099930595721E-08
1.52092512089241E-08
2.15671193917871E-08
2.47089376412079E-08
2.60934584649268E-08
2.67158848150707E-08
2.88029615799549E-08
3.67674757659334E-08
3.89840263973759E-08
3.85472278450947E-08
4.34461653187349E-08
4.34078030361230E-08
4.28618028765304E-08
4.38068659796867E-08
4.21916476619354E-08
3.89573967942988E-08
3.51146001341188E-08
2.99623099868406E-08
2.50409681298172E-08
2.08744813012411E-08
1.69591825247396E-08
1.89741388300539E-08
2.03908256942946E-08
2.18733999640695E-08
2.49460384346285E-08
2.73738470424806E-08
2.65279429708116E-08
2.42793276702372E-08
2.51970864033962E-08
2.56330227644968E-08
2.46143767383812E-08
2.22116383320936E-08
2.13747513662776E-08
2.19128907109348E-08
2.37984493068770E-08
2.67921957406914E-08
2.89573131176441E-08
2.91746548815877E-08
2.80189720340755E-08
2.76178617921812E-08
2.79576456681772E-08
2.83779248796858E-08
2.90187737481869E-08
3.13198385900272E-08
3.39026978854549E-08
3.36266517557042E-08
3.24717433840270E-08
3.06767333867606E-08
3.40719957855251E-08
4.08904952867050E-08
4.38734675369645E-08
4.31485917215598E-08
4.12525734664921E-08
3.67471615885680E-08
3.29630410321208E-08
2.61052655995902E-08
2.21403340685636E-08
1.88116119134171E-08
1.76262388860089E-08
1.68698967341270E-08
1.59000931140238E-08
1.74418217657445E-08
1.94104582728846E-08
2.11749617754668E-08
1.92166984787543E-08
1.43635334927817E-08
9.42263653654320E-09
7.02193323710322E-09
5.08888545018330E-09
4.35226116173167E-09
4.93680457621044E-09
6.91244556535043E-09
1.16829836854150E-08
1.51261355753779E-08
1.30949940075927E-08
7.98463975160143E-09
4.41881343850180E-09
1.99199008455999E-09
1.15150128757730E-09
1.48103351173153E-09
1.89697738437150E-09
1.82382567575064E-09
2.47305575343236E-09
3.36745877170361E-09
5.27966058718458E-09
7.10081735730038E-09
6.73590794307338E-09
4.35877984479863E-09
2.43151770823642E-09
2.23828313744530E-09
3.33635089649395E-09
4.67036957044903E-09
6.41665385161203E-09
8.34318572625658E-09
1.56012601129010E-08
2.46243608505026E-08
3.68341791695940E-08
5.01618831763238E-08
5.77664367006217E-08
5.99383535605786E-08
5.97629882998104E-08
5.79528956172162E-08
5.37683372899960E-08
4.76179432509508E-08
4.36955349002822E-08
4.31738879405535E-08
4.21840224830343E-08
4.10163352204968E-08
4.28524884647388E-08
4.58491986955797E-08
4.77180285976528E-08
4.74385396405906E-08
4.62065177241316E-08
4.31594766180305E-08
4.00100137941673E-08
3.76209846313939E-08
3.49027298127655E-08
3.89889069488660E-08
4.14033153752156E-08
4.24886875254828E-08
4.20009500279335E-08
4.23691606424385E-08
4.26174084887978E-08
4.03043511859187E-08
3.80397373742273E-08
3.26217863803606E-08
3.38745825047562E-08
3.24044676931529E-08
3.65762908288545E-08
3.79742311108689E-08
3.64923652929235E-08
3.86498186603099E-08
3.88504155014621E-08
3.94297622962945E-08
3.80070091796725E-08
3.43174822213929E-08
3.09957207697391E-08
2.70660482743149E-08
2.24680652781777E-08
1.72973154047693E-08
1.29050988344209E-08
1.14449898262789E-08
1.11886353957693E-08
1.36974834830217E-08
1.41590751972900E-08
1.24189610731934E-08
1.17145846823640E-08
9.59286625382862E-09
6.85672842955032E-09
5.00664115142981E-09
3.55683192773789E-09
1.58508675075330E-09
1.02747206609628E-09
8.20181823675429E-10
7.22549696273545E-10
7.56528230329270E-10
6.28926983482690E-10
5.01453113884246E-10
4.36589753342679E-10
3.26984837522436E-10
3.28721332201047E-10
4.48139758545566E-10
6.80025645095285E-10
1.05650600379316E-09
1.52717787921468E-09
1.43574634800403E-09
1.36201669183810E-09
1.31932017867409E-09
1.84060998336557E-09
2.97173336537063E-09
4.28792868486071E-09
5.26889614098309E-09
6.18890503400065E-09
7.37191631781426E-09
8.57259923546139E-09
1.15923260362983E-08
1.15813062022767E-08
1.15505073890787E-08
1.18493840103779E-08
1.19396652672471E-08
9.88370536285382E-09
7.56590391059681E-09
6.29098111530196E-09
5.72836293517320E-09
5.63402820810656E-09
4.87559335649442E-09
4.63905404420031E-09
6.22305781126529E-09
8.07067607657348E-09
1.20955313196250E-08
1.66011606651070E-08
2.07030619247908E-08
2.38197068991996E-08
2.69414548800813E-08
3.23428217758175E-08
4.02090706293480E-08
4.64758329677615E-08
4.98362442310299E-08
4.93969594078631E-08
4.79988568762091E-08
4.08459452327086E-08
3.49292566986397E-08
3.28228404417096E-08
3.38490810096878E-08
3.55648311674161E-08
3.71164956799015E-08
3.86954368544682E-08
4.13688314883547E-08
4.22984657551469E-08
4.28705951128536E-08
4.34094243450365E-08
4.48897382030240E-08
4.61836695390996E-08
4.77593712624582E-08
4.91645368189804E-08
4.99641986746400E-08
5.14055217948978E-08
5.39167632127690E-08
5.52261573867798E-08
5.30019073983869E-08
4.75502935427933E-08
4.05430717445261E-08
3.44134928419676E-08
3.48645178653892E-08
2.99151841653898E-08
2.72456013886732E-08
2.44930490782932E-08
2.00293834111797E-08
1.92048770151400E-08
2.21633169536501E-08
2.53475475913478E-08
2.26336043223630E-08
2.01809393784752E-08
2.43862610679619E-08
2.81053777847334E-08
3.08458492458227E-08
3.38625186364597E-08
3.80776732320119E-08
4.23045772901795E-08
4.40653342075254E-08
4.31903565758396E-08
4.14998077177013E-08
3.97592539877259E-08
3.78544706105100E-08
3.66413859859048E-08
3.63188555917071E-08
3.52173894963435E-08
2.92760312588445E-08
3.91522777298760E-08
4.09035718001659E-08
2.85309918388065E-08
2.26399738180937E-08
2.07356038429845E-08
1.45370257380110E-08
1.66864385056699E-08
1.88132436721733E-08
1.98798581570479E-08
2.02101009309166E-08
2.23691703822953E-08
1.91438080161985E-08
1.61684097247782E-08
1.10666936490972E-08
8.79063163900272E-09
1.47889655850121E-08
2.22490749723974E-08
2.57454957267025E-08
3.02818127766393E-08
3.15946842941085E-08
3.92458722201753E-08
5.00417399900622E-08
5.58176628901471E-08
5.38276655984888E-08
5.51438291330409E-08
5.62306885650737E-08
5.82403647707490E-08
6.01096786905319E-08
6.02375408667817E-08
6.10666302312936E-08
6.20616808690480E-08
6.18061975754176E-08
6.07883307354827E-08
5.95087454499965E-08
5.79997576593066E-08
5.29796872726451E-08
4.57229355827452E-08
4.63286403243297E-08
4.75308949537208E-08
4.70885311081796E-08
4.87583550784719E-08
4.89195252572102E-08
4.61220166947852E-08
4.41305703978681E-08
4.22990716085217E-08
3.79995646168009E-08
3.12981549687048E-08
2.97142667832323E-08
2.91929185940035E-08
2.99786778840607E-08
3.07776665165269E-08
2.96785766124569E-08
3.06598104208175E-08
2.84421203607035E-08
2.69423890326780E-08
2.41982057399955E-08
1.84632519228428E-08
1.28741651628375E-08
1.02427765608482E-08
9.67921979485619E-09
9.28344067474897E-09
6.48466431683590E-09
5.36770225278599E-09
6.17025238160967E-09
5.59307060416814E-09
4.68981771710843E-09
5.06656066768453E-09
5.97302569386367E-09
7.00458744836191E-09
7.77154216748286E-09
6.60186880152634E-09
5.68476583557365E-09
6.33505320774729E-09
7.32550512310002E-09
8.29317772738335E-09
1.01777955999946E-08
1.22598513738372E-08
1.42999420047502E-08
1.65175930362853E-08
1.57651689816397E-08
1.70906924877139E-08
2.09364989004783E-08
2.12167759498370E-08
2.15824798291814E-08
2.21015583442622E-08
2.05711156413049E-08
2.02171598391802E-08
2.06811490798375E-08
2.34190682856183E-08
2.90221290976494E-08
3.35583203932303E-08
3.55639662054439E-08
3.64640236177166E-08
3.57282439457101E-08
3.43324789330155E-08
3.09162385543837E-08
3.03383725497478E-08
2.75336720018969E-08
2.40876395574037E-08
2.17780372337364E-08
1.96955770826511E-08
1.92788660965652E-08
1.94663375395761E-08
2.25474339702430E-08
2.06697799677434E-08
1.89997523046857E-08
1.65448070784764E-08
1.44988214696857E-08
1.26131784437651E-08
1.31948039376097E-08
1.50841869384495E-08
1.79904764228556E-08
2.04364607902816E-08
2.25439101566513E-08
2.33668598032216E-08
2.36249986235218E-08
2.28306641292892E-08
2.14240978980304E-08
1.91267482918986E-08
1.46343601636467E-08
1.31523334022920E-08
1.13091854134033E-08
9.73162967421955E-09
8.75411498067567E-09
7.54055338408782E-09
6.50693451474015E-09
5.99120133468929E-09
4.87488130263591E-09
3.71477464883749E-09
2.49064081981975E-09
2.00371377881348E-09
1.90076066280522E-09
1.84272097032031E-09
2.39090653241349E-09
3.30470901057745E-09
4.39285852317932E-09
5.19831434157147E-09
5.73692131668531E-09
5.66390153732737E-09
6.03005380991806E-09
6.47390030604453E-09
6.31796387555992E-09
5.63799847539056E-09
7.12551164161019E-09
7.01999368298307E-09
6.75287433127915E-09
6.32207956982017E-09
5.71770975604584E-09
5.57030126794847E-09
5.62778090428550E-09
5.99744440315747E-09
5.96942722722969E-09
6.67197295604882E-09
7.78673742611508E-09
1.06021758601508E-08
1.49424286485834E-08
2.00428875765327E-08
2.26471989342705E-08
2.74491486083041E-08
3.63303249668745E-08
4.21564523545398E-08
4.15828252256422E-08
4.37102820427472E-08
4.91332554130511E-08
4.78093815571302E-08
4.33566553710818E-08
4.06831155081327E-08
4.01964058555188E-08
3.74197450457560E-08
3.55259193576643E-08
3.43651110206845E-08
3.23444228975350E-08
2.71744288960752E-08
2.54863490507491E-08
2.61131735179828E-08
2.75991145370485E-08
3.02594571196056E-08
3.20968506097506E-08
3.34689838575486E-08
3.18068388195146E-08
3.01581912573509E-08
3.08369207657183E-08
3.15327721828659E-08
3.35370187057386E-08
3.68213622793060E-08
3.88522237200604E-08
4.04898529127637E-08
4.29094983727341E-08
4.39775680773572E-08
4.36908346877425E-08
4.41563126351439E-08
3.73269343728177E-08
3.81296841569675E-08
3.64262530178594E-08
3.54963289262659E-08
3.16017293879967E-08
2.77299027879764E-08
2.55651318391391E-08
2.76473966889994E-08
2.49063441533288E-08
2.23422891121754E-08
1.94866741207707E-08
1.99749319333998E-08
1.89467125452262E-08
1.81863970386067E-08
2.05332163579693E-08
1.96364116571217E-08
1.77359826184883E-08
1.65822513186656E-08
1.50447244932413E-08
1.50282300104278E-08
1.49929671748826E-08
1.40377700201967E-08
1.36077834590647E-08
1.37199162868101E-08
1.59430490524472E-08
1.31291537514191E-08
1.04363962716717E-08
9.61651096228028E-09
8.75123988856308E-09
8.11778772740434E-09
9.41562065471493E-09
1.27150454094661E-08
1.50867995574322E-08
1.48617409013855E-08
1.48316999788555E-08
1.53707902591900E-08
1.64609065984179E-08
1.76132663959812E-08
2.02015604408017E-08
2.41650308938348E-08
2.78155579311898E-08
3.08385378392790E-08
3.30929573940976E-08
3.44575364744249E-08
3.52622715703390E-08
3.60106129823098E-08
3.69338207938126E-08
3.75368853272468E-08
3.27479650236342E-08
3.29297251526676E-08
3.16347281701427E-08
3.31517561647328E-08
3.41505206527999E-08
3.33701222507482E-08
3.23765906005318E-08
3.08348615925665E-08
2.97124285609192E-08
2.87047815087227E-08
2.72269214637764E-08
2.62120649701670E-08
2.51123838979177E-08
2.40185268316985E-08
2.59434559617333E-08
2.85584100091730E-08
3.08852717124665E-08
3.45956401693358E-08
3.86452245295058E-08
4.21170614749204E-08
4.55809221821381E-08
4.83868713278495E-08
4.78809698267993E-08
4.73466584494860E-08
4.23593769377153E-08
4.17487361496431E-08
4.10230881146194E-08
3.89037792060424E-08
3.56777612706530E-08
3.31486876713665E-08
3.06202905014750E-08
2.69174455354551E-08
2.37981778484657E-08
2.08606889735616E-08
1.95137059636227E-08
1.84008906662817E-08
1.81272868705784E-08
1.79209035082484E-08
1.72017658834996E-08
1.91216554186064E-08
2.38010009288617E-08
2.88010138717908E-08
3.30296431435570E-08
3.60439181348412E-08
3.69749432994340E-08
3.72972967983793E-08
3.49703742168362E-08
3.19736384551298E-08
3.01743243893570E-08
2.60762622593491E-08
1.98440347111965E-08
1.37541478733045E-08
1.02603378775933E-08
8.33793337411642E-09
7.73320573239827E-09
7.21693284172645E-09
6.07745429598180E-09
5.24994709305636E-09
4.39418268448508E-09
4.10586574788810E-09
6.25682394435348E-09
9.40709900598289E-09
1.06659936426906E-08
1.24432301597408E-08
1.47915558793310E-08
1.71219467794684E-08
1.93433458212184E-08
2.17811539784594E-08
2.33998879161757E-08
2.43022667372338E-08
2.34270113534815E-08
2.17753494075532E-08
2.01004015311029E-08
1.86472147520329E-08
1.57363656925522E-08
1.27174236194793E-08
1.04366678884141E-08
8.81333550537513E-09
8.41147651642491E-09
8.31810163115137E-09
7.99742683608836E-09
7.91034877264004E-09
7.67933837707050E-09
7.73036290021642E-09
7.24075951202074E-09
6.94827055492856E-09
8.91186631924120E-09
1.12607879173564E-08
1.36025187571106E-08
1.58745609423341E-08
1.73243911052940E-08
1.80484852408055E-08
1.88180520247508E-08
1.82914789142187E-08
1.65936858610243E-08
1.44113074815532E-08
1.23145098297496E-08
9.35131905237896E-09
7.80083382838130E-09
6.18489629229614E-09
5.36462885116027E-09
5.22739027655244E-09
5.59170464349195E-09
5.88155964650624E-09
5.90268285543618E-09
5.36812840053411E-09
4.52886449135240E-09
3.95419978016601E-09
3.75861466769492E-09
3.57224014149591E-09
5.41940158243479E-09
7.67074892310972E-09
9.45348011781689E-09
1.02857191203063E-08
1.08384550346964E-08
1.07057702165008E-08
1.06913248528239E-08
1.18273606504225E-08
1.41431515371289E-08
1.54658557231671E-08
1.79223999732089E-08
1.79114765627351E-08
1.78182732686270E-08
1.62544074169989E-08
1.41514119793785E-08
1.29567472606698E-08
1.24583759003688E-08
1.21670576818931E-08
1.18732044661824E-08
1.17657275974767E-08
1.21975171918684E-08
1.22092446068991E-08
1.19341141841896E-08
1.16754537821622E-08
1.42713718184017E-08
1.89726807999311E-08
2.27637253666736E-08
2.43266992213201E-08
2.28186608225805E-08
2.11579451567675E-08
2.03107552002997E-08
1.95408326467129E-08
1.90110140683967E-08
1.80668870969740E-08
1.92536617886872E-08
1.72286958008034E-08
1.49178962972512E-08
1.38829072318744E-08
1.45879771122586E-08
1.51447431430312E-08
1.49311824013053E-08
1.45391700140477E-08
1.47860594204508E-08
1.39959119881536E-08
1.23450736402372E-08
1.15575433789374E-08
1.08022481112875E-08
1.00692667013009E-08
1.11235694507790E-08
1.31188310089814E-08
1.62564076910379E-08
2.04954495976378E-08
2.34256136474501E-08
2.59243279206692E-08
2.60393624797093E-08
2.68865744045963E-08
2.61332319512835E-08
2.31281603026305E-08
1.93111827889846E-08
1.85816257607540E-08
1.87965960833324E-08
1.89114685510639E-08
1.80587588610665E-08
1.72580931476100E-08
1.63447308690659E-08
1.60794981493626E-08
1.55620310870938E-08
1.44363255922356E-08
1.53178050447422E-08
1.68371801373142E-08
1.95079550669081E-08
2.24219540018628E-08
2.05468258134032E-08
2.34014960836205E-08
3.18233272461692E-08
3.95485761359119E-08
4.36315667429240E-08
4.49350507392860E-08
4.55843139081360E-08
4.50357903490503E-08
4.38624279907399E-08
4.06484306992981E-08
3.18550682472596E-08
2.91681397213844E-08
2.72451920240057E-08
2.71833996505429E-08
2.71178718541755E-08
2.82804553581682E-08
2.93184059643555E-08
2.95539719767260E-08
2.69546102423546E-08
2.29959856663340E-08
1.91137860933825E-08
1.74928267350183E-08
1.77114975289443E-08
1.79668050752219E-08
2.17275358360446E-08
2.83820860940939E-08
3.56660924380732E-08
4.05844514587734E-08
4.45077226339463E-08
4.75345018118951E-08
4.96495422764292E-08
5.12585074716969E-08
5.38904328551847E-08
5.51540081505600E-08
5.43492650589329E-08
5.26662435311695E-08
5.01942147518524E-08
4.87509987851042E-08
4.60999075986211E-08
4.50279940143938E-08
4.71918414188079E-08
4.89440356401232E-08
4.69296123559474E-08
4.12603698407314E-08
3.54300694034196E-08
3.27682239434986E-08
3.20141232828558E-08
3.13820007850032E-08
3.13461434959116E-08
3.13149407804637E-08
3.36505664184232E-08
3.60949723450400E-08
3.90235728767350E-08
3.98756695092996E-08
4.10530692672162E-08
4.23775151332716E-08
4.67151126721137E-08
4.83587105061686E-08
5.03965176881410E-08
4.64935714964208E-08
4.27736432939550E-08
4.08163825883917E-08
4.15552934924028E-08
4.29451592127013E-08
4.26684522887367E-08
4.10211710434939E-08
3.64155937825733E-08
3.01533169203505E-08
2.62232443226192E-08
2.43761776427531E-08
2.24528136537277E-08
2.03709683017158E-08
2.49301071745818E-08
3.08250383446889E-08
3.35555766762222E-08
3.53555565236339E-08
3.70280454017045E-08
3.86745845102085E-08
4.06302105674759E-08
4.20794949240733E-08
4.34493747266455E-08
4.60124525096015E-08
5.03786503572550E-08
5.29663176885983E-08
5.34280578777137E-08
5.03304893284797E-08
4.54416778710736E-08
3.98331679411160E-08
3.49479355548026E-08
3.24590865663281E-08
2.99231227208210E-08
2.60298810683496E-08
2.19961475361045E-08
1.91044716815909E-08
1.94593097037612E-08
1.97671090260852E-08
2.31295954935139E-08
2.56015246430816E-08
2.72156123986945E-08
2.91361765819732E-08
3.15267198636079E-08
3.51443570505097E-08
3.98448069283120E-08
4.46079052750162E-08
4.83067973505737E-08
4.99789823519713E-08
5.25835991301089E-08
5.23156806821075E-08
4.91860853444210E-08
4.39152042875010E-08
3.85935107917406E-08
3.80236115650275E-08
4.23424597904345E-08
4.55516544292129E-08
4.24860353237630E-08
3.53137462679545E-08
3.05563077380867E-08
3.15856071016606E-08
3.41746044921375E-08
3.69421203042237E-08
3.93280236578274E-08
4.34898363588875E-08
4.59649317315995E-08
4.87581830123135E-08
5.19669923527285E-08
5.45984681159050E-08
5.61072519763333E-08
5.67571637479141E-08
5.64226323032237E-08
5.46379163509105E-08
5.09401367877633E-08
4.99169404489336E-08
4.95715778215469E-08
4.77771459697392E-08
4.45921150086792E-08
3.87289648973924E-08
3.51278747195964E-08
3.42584091423893E-08
3.24546200502684E-08
2.98543675063977E-08
2.65563380431309E-08
2.35313612255354E-08
2.18454444184634E-08
2.01743283092998E-08
2.14143368742155E-08
2.33757247134502E-08
2.58926939117174E-08
2.77416509443614E-08
3.04764534054194E-08
3.44710050548972E-08
4.00235866355693E-08
4.25546582922616E-08
4.24783453875039E-08
4.07676725074695E-08
3.62798552353724E-08
3.08583915506632E-08
2.45414316120656E-08
1.92707898723743E-08
1.61728398247197E-08
1.22276505796722E-08
9.72172053180232E-09
8.09713598845653E-09
5.58388760706386E-09
4.10034644976863E-09
3.81565580646983E-09
3.63597768982755E-09
3.53464034114961E-09
3.42654431926939E-09
6.38730633947147E-09
8.68052457657901E-09
1.27704913639340E-08
1.51937675900519E-08
1.30602044232529E-08
1.03769899851869E-08
9.13614729325120E-09
8.95309348161960E-09
8.55687903056921E-09
1.01344021535776E-08
1.31118659909704E-08
1.12052602245363E-08
8.34733229505185E-09
4.80919062330523E-09
3.70307984998212E-09
4.25264348506905E-09
6.11528894070758E-09
9.38457219319378E-09
1.36046738392345E-08
1.31098793333930E-08
1.00854993443082E-08
8.92284621428100E-09
1.08902171425662E-08
1.36743485606417E-08
1.51106690958308E-08
1.65275074432065E-08
1.67873279360944E-08
1.90994763005803E-08
2.08295658194154E-08
2.05106418479819E-08
1.67253918772957E-08
1.29148567707823E-08
9.74296854510247E-09
7.35628553032525E-09
4.79258356718726E-09
4.24532400364689E-09
2.96207858162231E-09
2.25204280936665E-09
2.47149805397744E-09
3.15415207198471E-09
3.39904722092496E-09
3.87990800954986E-09
4.52023569215093E-09
3.77647606117033E-09
1.93105436069451E-09
5.68170688164689E-10
2.99409840351300E-10
2.27707295320111E-10
1.72806038898077E-10
1.40499519242148E-10
1.13227963333980E-10
3.02205252414058E-10
9.08449229626804E-10
1.73047339221997E-09
2.44996512413527E-09
3.20842313164866E-09
4.19918988809267E-09
4.47770720770609E-09
4.70490764607707E-09
2.88853919967386E-09
3.30875309966622E-09
4.52566454371603E-09
5.00973790687047E-09
5.40308716149253E-09
7.32395332147290E-09
7.47207113221993E-09
6.60520293464165E-09
6.44805725153723E-09
6.37515812036209E-09
6.50127196669495E-09
6.14343408762456E-09
6.05351790234011E-09
7.48711197859455E-09
1.06298551578343E-08
1.64118669516262E-08
2.42696051604256E-08
3.30050349517005E-08
3.59584497429817E-08
3.35607493483126E-08
3.36893662486116E-08
3.66709699257343E-08
4.33791979378003E-08
4.80848911428788E-08
5.27684666227566E-08
4.90163977918863E-08
4.39587021531785E-08
3.68009817612731E-08
4.40752112483428E-08
5.02150564879385E-08
4.86041822172581E-08
4.66675011704782E-08
4.87588934036971E-08
4.90756395329328E-08
4.74619170864011E-08
4.66374655124524E-08
4.57794188820055E-08
4.62341353914934E-08
4.42258248694151E-08
4.17504192472093E-08
3.97492402677171E-08
3.69326947836890E-08
3.22065293869584E-08
2.28913697982865E-08
1.40880503087188E-08
7.37262520505379E-09
2.99275892368805E-09
1.74529886892173E-09
2.71903321315439E-09
3.75804245964674E-09
4.83317491205886E-09
7.99731303571910E-09
1.28029561749558E-08
1.79176296992245E-08
2.01173039931881E-08
1.93290653196416E-08
2.14402177302368E-08
2.32030028670341E-08
3.23889308354991E-08
2.44069662040222E-08
1.71164211085281E-08
2.10055038028075E-08
2.44720023827941E-08
2.97409468147166E-08
3.55405574496884E-08
3.61205195977525E-08
3.41972308555106E-08
2.43945829822024E-08
1.62585236258348E-08
1.57024748342593E-08
1.64027150269706E-08
2.53842099933130E-08
2.57721822497556E-08
3.23633143921619E-08
3.46729227719879E-08
3.51646722570263E-08
2.83831241909582E-08
3.23635216473737E-08
3.32627649614914E-08
3.07708666772779E-08
2.91908102590921E-08
2.82464261582089E-08
2.78633371052998E-08
2.38203135046463E-08
2.02043285011931E-08
1.81023801061357E-08
1.50559942922479E-08
1.15821084651931E-08
9.68841799173152E-09
9.11405901760687E-09
8.95268771898108E-09
8.15624314819680E-09
7.02871518495491E-09
5.42396642201346E-09
3.43262240688917E-09
1.85607412753118E-09
1.06289164928055E-09
4.43253507141269E-10
3.63081048015496E-10
7.02867971882249E-10
5.69637703568808E-10
4.71959620609099E-10
3.88562910046322E-10
2.40782977543576E-10
5.21884772813512E-10
9.71182484751575E-10
1.72427366684895E-09
2.76402366468426E-09
4.13084669038035E-09
5.69075454537294E-09
7.85501562897299E-09
1.06577593250475E-08
1.53109586561944E-08
1.94718453982844E-08
2.01153082315812E-08
2.04121733373441E-08
1.99264179453574E-08
2.09748765807750E-08
2.19662193056272E-08
2.83671616605492E-08
2.14539833395687E-08
1.83314049128617E-08
1.61576344329068E-08
1.34756615073914E-08
9.13957563328096E-09
8.00731207053233E-09
9.45397513952769E-09
1.50006327677584E-08
1.70306352631168E-08
1.24805959073623E-08
7.87994535140335E-09
5.74948262123956E-09
4.02871812236958E-09
5.96362918747522E-09
9.85021460686796E-09
1.18027498461052E-08
1.06979514384323E-08
7.04390830611933E-09
4.21255899714659E-09
2.05129618713715E-09
8.28593353232720E-10
4.27746969864178E-10
7.92428862518090E-10
1.67692372794054E-09
3.17205352319012E-09
4.51097487538542E-09
5.94234558929434E-09
7.66746545589797E-09
9.15551172242156E-09
1.04405922001402E-08
1.17624432198619E-08
1.18912460006947E-08
1.13438158751399E-08
1.08952564604151E-08
9.80227080815414E-09
9.44665949763103E-09
9.10992915272670E-09
9.98892728218983E-09
8.60004376793090E-09
8.13258335872228E-09
5.68751074006378E-09
3.36460564801010E-09
1.97842844507258E-09
1.36518441912645E-09
1.03168446098340E-09
5.64202281269342E-10
2.43499540793927E-10
4.84114054208218E-10
7.92608132734625E-10
1.60549469962303E-09
2.70755421938194E-09
3.28235786597574E-09
3.26051436997791E-09
2.96544263928691E-09
3.08678755744834E-09
3.51107428359666E-09
3.88388959749668E-09
4.18939628768517E-09
5.43284071335073E-09
7.21357622561640E-09
9.30458102300408E-09
1.18805115582079E-08
1.49337988202307E-08
1.77297017089234E-08
1.94361677356540E-08
2.01164980094943E-08
1.89525937483114E-08
1.61400083192210E-08
1.29536898108871E-08
1.37562654309935E-08
1.90449861900490E-08
2.41805303062192E-08
3.00347594977044E-08
4.09147906166072E-08
4.65759064792251E-08
3.59824433732612E-08
2.53454638768989E-08
3.04743755492156E-08
4.17970882838733E-08
4.83541085379825E-08
5.14015924561640E-08
5.02572180404100E-08
4.67197099299542E-08
4.52447665389944E-08
4.36753198380906E-08
4.49380408192500E-08
4.32575206829778E-08
4.15594687982652E-08
3.84335901212658E-08
3.54289239185894E-08
3.30979376940853E-08
3.26813927179991E-08
3.22370289942463E-08
3.06471242327275E-08
3.21781385895747E-08
2.92133092452171E-08
3.04188569208423E-08
3.10967105028194E-08
3.15741812279214E-08
3.18069835735843E-08
2.96373756538504E-08
2.87313223673031E-08
2.86619511663244E-08
2.45896167863104E-08
2.16830142420363E-08
2.03124155377920E-08
1.98317384526502E-08
2.55761467649013E-08
3.14095233746304E-08
2.94800187572607E-08
2.77655067079675E-08
2.65772916796150E-08
2.46355359280193E-08
2.34120769846699E-08
1.97262125378929E-08
1.71495724425430E-08
1.44438402165519E-08
1.17375531593342E-08
1.03932510881822E-08
9.94298221378821E-09
1.44748664325748E-08
1.46478673768706E-08
1.61824678109549E-08
1.91942992015442E-08
1.82690657038852E-08
1.50257427103910E-08
1.40011427677021E-08
1.48281138620356E-08
1.55006209641236E-08
1.54641331616119E-08
1.37540117482714E-08
1.26681558177907E-08
1.16814586417181E-08
1.41817515140774E-08
1.44198299615227E-08
1.48580701170907E-08
1.42557886489455E-08
1.36873311442674E-08
1.27575747647311E-08
1.16319699683563E-08
9.97794893087681E-09
7.63939227039714E-09
6.27742058413119E-09
8.68315025786495E-09
9.39265300898215E-09
1.36968002849785E-08
1.74386207097915E-08
1.98355676074763E-08
2.42469122980541E-08
2.45272917083711E-08
2.35682177808263E-08
2.26646059970890E-08
2.40582117318894E-08
2.22444086426807E-08
1.73028465381272E-08
1.62741225096376E-08
1.54372510206718E-08
1.39407627854661E-08
1.86452051760507E-08
2.64051704616522E-08
2.98660166267744E-08
3.01911892082593E-08
2.97132372758218E-08
2.47628130318313E-08
1.83714180331090E-08
1.49965022299717E-08
1.27278917888933E-08
1.09120151579991E-08
9.09518355398853E-09
7.57140733603874E-09
6.20964619035167E-09
7.35310307825863E-09
7.92691458354590E-09
7.41240795377096E-09
8.35749338159101E-09
7.94030720474570E-09
6.25617815199695E-09
6.81180902903367E-09
9.85772040423385E-09
1.24225097447440E-08
1.54189854874502E-08
1.57243183698399E-08
1.85107645468009E-08
2.37783154684621E-08
2.47001695107717E-08
2.35151241492616E-08
2.84715758941338E-08
3.86996538013701E-08
4.50827289837370E-08
4.99519760399848E-08
5.42113449883396E-08
6.11487289051571E-08
6.29020336993286E-08
6.20862348325546E-08
6.28688147184160E-08
6.35935824333656E-08
6.30532532133584E-08
6.10112904773095E-08
5.73696596601281E-08
5.42726736896195E-08
5.16970487331465E-08
5.04784291752406E-08
4.86118536683789E-08
4.56000605147139E-08
4.21454528264624E-08
3.85256652281997E-08
4.32271019432219E-08
4.55982905726224E-08
4.53157301930713E-08
4.51317298394464E-08
4.42651970263999E-08
4.58499002204302E-08
4.89790679853901E-08
5.07272265091570E-08
5.09308569317012E-08
4.80840745905942E-08
5.04546399897984E-08
5.69126088774652E-08
5.95033158463594E-08
6.10196087895208E-08
6.15302278799324E-08
6.19184516055040E-08
6.17113236523055E-08
6.18441568661826E-08
6.17041888243521E-08
6.12801879251487E-08
6.04776578647728E-08
5.95970787612053E-08
5.81854361230728E-08
5.66500074993792E-08
5.52955875660370E-08
5.38368155044247E-08
5.41143389410911E-08
5.46658759339558E-08
5.60625977801555E-08
5.68983416756882E-08
5.56723167418206E-08
5.29938026350424E-08
5.17321434212243E-08
5.04524427124766E-08
5.10689387769412E-08
5.46498579085493E-08
5.91511266613763E-08
6.17748962989542E-08
6.02763524134603E-08
5.75637427264727E-08
5.57389846793486E-08
5.63118234784532E-08
5.54990610430285E-08
5.47823310778493E-08
5.63038437965581E-08
5.79824111184932E-08
5.93541967902763E-08
6.10053995764536E-08
6.21385148013747E-08
6.13412543907951E-08
6.11757045009397E-08
6.18640878826525E-08
6.05819035946453E-08
6.03967991993159E-08
6.35792582324470E-08
6.36186636389310E-08
6.24784935036029E-08
5.74697919123737E-08
4.71523536010652E-08
5.09479375161036E-08
5.03670326655716E-08
5.02238942048267E-08
5.15276406347360E-08
5.34571578394161E-08
5.47093605789992E-08
5.37026642249834E-08
5.36022282543957E-08
5.36158861986827E-08
5.34583114782902E-08
5.45684784134370E-08
5.54483147865247E-08
5.37579377570483E-08
5.16715156510537E-08
4.82550051598236E-08
4.31034936841505E-08
3.54100317114732E-08
2.39971392100844E-08
1.51698632980100E-08
7.48759627338347E-09
4.62170279304124E-09
7.67139321132227E-09
1.67158426211246E-08
2.16040756164101E-08
2.98682733969501E-08
4.69990252771311E-08
5.96851989193745E-08
6.31055956833204E-08
6.37327534767836E-08
6.37431065395979E-08
6.31887958260105E-08
6.00573663034501E-08
5.84419908422324E-08
5.93891018374604E-08
3.56905111869497E-08
2.47714365269460E-08
3.40625955583594E-08
4.51182768545724E-08
5.73856090094857E-08
5.76115965536250E-08
5.46824344616381E-08
4.91124537346949E-08
4.69272924513061E-08
4.58717871386907E-08
4.14347225355008E-08
3.59041240195577E-08
4.02673747345171E-08
4.34475528520029E-08
4.45341179072195E-08
4.32553641758754E-08
3.94877110672322E-08
3.55854946228541E-08
3.01670989169356E-08
2.36205005996034E-08
1.90656112502320E-08
1.63331660599193E-08
1.51882801164531E-08
1.50008766765847E-08
1.51822285888500E-08
1.53309672548291E-08
1.58606173294333E-08
1.64443204024024E-08
1.64564303450050E-08
1.46475095489268E-08
1.34118047358555E-08
1.11567434261195E-08
8.35164087599022E-09
7.07919576212695E-09
6.89810948961078E-09
6.41712294662995E-09
7.38064055099501E-09
9.24244404223171E-09
1.01563155131065E-08
1.02325995620487E-08
1.05858710578136E-08
1.06526572685603E-08
1.19903767701076E-08
1.40777711468747E-08
1.45423483495095E-08
1.38989200323596E-08
1.23397399851549E-08
1.05328552063273E-08
9.86307761104477E-09
9.27065861726965E-09
7.80378856096106E-09
6.83489308759639E-09
6.65799985400878E-09
7.77840917863672E-09
1.11566127239215E-08
1.56471892690422E-08
2.11041414900638E-08
2.76818324828346E-08
3.47081268667512E-08
4.14983144985252E-08
5.09276128888957E-08
5.37774857313708E-08
5.34325053940595E-08
5.29864734954324E-08
5.14204537491625E-08
4.77836190930757E-08
4.51429131501723E-08
4.24450950966462E-08
3.87305208156242E-08
3.61757116289617E-08
3.44989381966740E-08
3.56172277073970E-08
3.57734278380764E-08
3.63993550438244E-08
3.68021150942030E-08
3.68920098652268E-08
3.65020286265430E-08
3.67079062798233E-08
3.60980516840763E-08
3.49463905614064E-08
3.46888181700748E-08
3.52462127747133E-08
3.63455407689472E-08
3.66992474769070E-08
3.63461754781374E-08
3.44628946312215E-08
3.13171380577855E-08
2.58250581366833E-08
1.79607964948885E-08
9.30698033061617E-09
4.37150316149601E-09
4.45763294131053E-09
6.81637917269913E-09
7.49434172595155E-09
5.08308923123475E-09
2.09257041339002E-09
1.31854851321342E-09
1.89573670305839E-09
3.92915241784082E-09
3.11282737774198E-09
2.74635614745538E-09
3.81096968538455E-09
4.96971821588872E-09
2.09908615941787E-08
1.37315386096738E-08
6.43012860699139E-09
1.42062051749281E-09
3.84383170917356E-10
1.75114757457974E-09
3.06439081353344E-09
3.23446916643203E-09
6.83704163856869E-09
1.60848869827805E-08
2.10748362918693E-08
1.84213080754256E-08
1.55702829003067E-08
1.22124881747119E-08
1.15502309828251E-08
1.67343209511412E-08
2.32059790930401E-08
1.92580662390150E-08
1.59941560660173E-08
1.86672163841058E-08
1.66906098136759E-08
1.13848446488397E-08
1.17711129080310E-08
1.18027134299871E-08
1.09299283256947E-08
7.89721490379294E-09
6.75343181454912E-09
7.20847401079822E-09
8.53441273978516E-09
8.44393325256833E-09
1.33401067032563E-08
2.02151963770868E-08
2.85110182313115E-08
3.06433056069095E-08
3.05060245204420E-08
3.06419056842449E-08
3.55354952530175E-08
3.85972457792350E-08
4.77046396576475E-08
5.64803980040021E-08
5.77534716917312E-08
5.71297969812232E-08
5.49474332473649E-08
5.65032062896351E-08
5.51843801826861E-08
5.14114265497116E-08
4.74893880997217E-08
4.23964009279844E-08
3.30671393162975E-08
2.12424375174946E-08
1.76236766558507E-08
2.20718301253557E-08
2.10433053167823E-08
1.33804643516479E-08
1.62203189616822E-08
1.78424741937011E-08
2.47006513514310E-08
2.95961347958450E-08
3.65233942797380E-08
3.63385710801732E-08
3.65348125535916E-08
2.71110438716006E-08
2.69975711682028E-08
3.12222317955772E-08
3.41407057964626E-08
3.36270136606700E-08
3.32291156766432E-08
3.72642100633915E-08
3.96223196460358E-08
4.05842056103930E-08
4.25360293499302E-08
4.17236880352459E-08
4.11058895799810E-08
4.30691321475301E-08
4.85343944079709E-08
4.98607858051398E-08
4.75568245756742E-08
4.32565218126059E-08
3.43377553118771E-08
3.79711133369949E-08
4.09035950352326E-08
4.10536850954407E-08
3.61945607304771E-08
3.18006899579608E-08
3.02187498764796E-08
3.19909233656214E-08
3.46341302646059E-08
3.78667278008948E-08
4.07515230673757E-08
4.17979975389283E-08
4.29244389560355E-08
4.02277691185486E-08
3.87156269399527E-08
3.43034144374456E-08
2.95231011625291E-08
2.49365039428183E-08
2.11527554641003E-08
1.71465341903879E-08
1.38364579981498E-08
1.15818108821753E-08
1.05853013038951E-08
1.05251270727269E-08
1.22454202995284E-08
1.31039208648049E-08
1.37971359133275E-08
1.61318830124361E-08
1.76409263377062E-08
1.50652955229881E-08
1.31791103323168E-08
1.43689439779568E-08
1.69788346412435E-08
1.97485986736343E-08
2.09630486255919E-08
1.55654110570187E-08
1.11004437907596E-08
7.72437767369802E-09
4.87554158227423E-09
2.40401479122962E-09
2.03726901507817E-09
2.33461192406117E-09
3.77093368631510E-09
5.89627559777431E-09
9.61610943499463E-09
1.47778525336445E-08
2.31615674994582E-08
4.86179817885785E-08
5.58540562878306E-08
5.57169665838972E-08
5.74861132602949E-08
5.85788228229643E-08
5.73446883362411E-08
5.68475842568525E-08
5.64321672304440E-08
5.35654250962173E-08
5.22897349499800E-08
5.09925851415471E-08
5.19203305201226E-08
4.76338318012241E-08
4.23512595870605E-08
3.71396983283447E-08
2.93664197849313E-08
3.40171582177272E-08
3.50177920797216E-08
4.19370427488250E-08
5.23233063755842E-08
5.64964209376680E-08
6.07742387269002E-08
6.16650891549299E-08
6.17936702328518E-08
6.20555022808586E-08
6.20120164879160E-08
6.20221908346721E-08
6.20221908346721E-08
6.20171036612940E-08
6.20196472479830E-08
6.23605592319877E-08
6.23553234650144E-08
6.23526454157673E-08
6.25690702456049E-08
6.23577608512197E-08
6.21415766844239E-08
6.19988172283871E-08
6.19524310103800E-08
6.19339039144313E-08
6.18174135023189E-08
6.11481691260884E-08
6.12690144705243E-08
6.12256349572309E-08
6.08973238605176E-08
6.01123000177166E-08
5.98809713769405E-08
5.91267861279884E-08
5.84385241861131E-08
5.95728709487350E-08
5.99200292469922E-08
5.89268112108023E-08
5.83135519850851E-08
5.77824157766147E-08
5.60504442965420E-08
5.23951224439055E-08
5.01137869840720E-08
4.82523415582755E-08
4.54624142379134E-08
4.72667784672050E-08
5.11738563446113E-08
5.18243878235249E-08
5.22579849240256E-08
5.37885449106331E-08
5.32645941564369E-08
5.23786509586623E-08
4.99059165774728E-08
4.69368780048471E-08
4.28660947931364E-08
3.55914775535738E-08
2.91706054092467E-08
2.48732325603820E-08
2.34536440044294E-08
2.53699302833910E-08
2.11120094694747E-08
1.61211225640910E-08
1.37360730101276E-08
1.27595752762665E-08
1.09408751691489E-08
9.83810248721485E-09
8.97255864885596E-09
8.12682517878413E-09
6.81741873412478E-09
6.04208316206779E-09
5.43748471840369E-09
3.92098519293721E-09
2.69632222188928E-09
2.36128649312769E-09
1.99445727656632E-09
1.32945925721140E-09
1.10890321668057E-09
5.51229434996989E-10
2.15167009199294E-10
1.52258956707228E-11
1.69097453089288E-11
1.48482763583429E-11
1.52100625758640E-11
7.34047214766918E-11
1.15206546032982E-10
1.78021618675431E-10
3.92749180326922E-10
9.09861700019126E-10
1.25450146746003E-09
1.24108022794128E-09
1.47499370061857E-09
1.81690419875050E-09
1.68350708919999E-09
2.04434482517045E-09
3.47547649892975E-09
3.55433576116796E-09
3.63471444635427E-09
3.76969320291567E-09
4.11550604435463E-09
4.53790526768212E-09
5.11128892316354E-09
5.22675152992311E-09
5.05682576847623E-09
5.08769333688867E-09
5.01843431338699E-09
5.20677990156495E-09
5.83972872863815E-09
1.52565401508347E-08
1.31720912047041E-08
1.46736531551572E-08
1.73327276255644E-08
2.18090801932571E-08
2.62167446392661E-08
2.67711908445628E-08
2.14139096181508E-08
1.68507350477363E-08
1.40487076012904E-08
1.14963449444455E-08
9.28019552362674E-09
9.15952739110507E-09
9.09780967068448E-09
7.34799967595839E-09
5.84437372325953E-09
5.36853254028038E-09
4.92194521668569E-09
4.76939841431388E-09
4.37512205282236E-09
4.27609411936047E-09
4.10025889275405E-09
3.66963037879110E-09
3.32505180626183E-09
3.63503451236683E-09
5.19443673747510E-09
4.26641780260314E-09
2.62409797638251E-09
2.25631101591315E-09
1.73351394017387E-09
1.21466619245065E-09
3.56316437402652E-10
2.84449703177773E-10
8.23880870044497E-10
2.22678581686554E-09
4.17934207453629E-09
7.48622872939781E-09
1.28067436491596E-08
1.68334535413601E-08
1.72835947614267E-08
1.62453078998873E-08
1.45108224410129E-08
1.75374351339692E-08
2.30629719282342E-08
2.36297406354319E-08
1.89977115770894E-08
1.56996614516339E-08
1.46215843998227E-08
2.82137198133251E-08
2.51905393395067E-08
2.08372709950283E-08
1.45645660607044E-08
1.11979120060469E-08
9.60550945506605E-09
8.38414305311589E-09
7.11856926492486E-09
7.44924800306051E-09
9.02514376099663E-09
9.85556013677139E-09
1.26978843137763E-08
1.64421491309390E-08
2.06469731070889E-08
2.00002650039217E-08
2.23963048631848E-08
2.56393714397077E-08
2.91719222477461E-08
3.99502383194930E-08
4.73865853981146E-08
5.19019330972208E-08
5.41322240050434E-08
5.50820117828709E-08
5.64901288657712E-08
6.02835071119477E-08
5.94822180099640E-08
5.98098449982312E-08
5.89851358594119E-08
5.96342445764215E-08
5.98694201050900E-08
6.06895390317961E-08
6.17746640670354E-08
6.18655847434404E-08
6.19040860802079E-08
6.19226497506058E-08
6.18740791196666E-08
6.15779941500700E-08
6.14229081942758E-08
6.11045399644718E-08
6.09707769125164E-08
6.11156430014068E-08
6.12394871735916E-08
6.14692316340618E-08
6.10495172682122E-08
6.08682204946998E-08
6.06070615115554E-08
5.99700454394921E-08
5.93226126159906E-08
5.72438227346244E-08
5.42082810469881E-08
4.27217425673396E-08
2.53170410966636E-08
1.55832531341184E-08
1.29880670222714E-08
9.94600285162534E-09
7.12524845599092E-09
6.77085558128265E-09
7.21338892010427E-09
7.92865293861311E-09
8.60477259878956E-09
1.14675535301791E-08
1.88272847773557E-08
3.63455805891808E-08
4.63749901658014E-08
4.48765750429514E-08
4.49486419866608E-08
4.52786803552749E-08
4.55942545188292E-08
4.26611000723909E-08
3.93137882805710E-08
3.31462737577243E-08
2.90339640193942E-08
2.47948933361445E-08
2.96593873368984E-08
3.28373185798929E-08
3.48067161839028E-08
3.52158282740250E-08
3.25584117265632E-08
2.93355636955127E-08
2.74047072485039E-08
2.85422934227511E-08
2.90175863056553E-08
2.67454980857084E-08
2.44471909731650E-08
2.69022006004878E-08
2.95930637296008E-08
2.88260227596955E-08
2.96818837897282E-08
3.09201565328719E-08
3.26065651950357E-08
3.21480367887951E-08
3.27637620982020E-08
3.24737836366305E-08
3.09606600436498E-08
3.03564494316442E-08
2.94159218768411E-08
3.08004856478299E-08
2.92825183153045E-08
2.77668064863072E-08
2.63983693953385E-08
2.94179907477636E-08
2.93608000654077E-08
2.55007075303180E-08
2.04084669285860E-08
1.68416297515450E-08
1.53898182350945E-08
1.27145520502303E-08
1.14144735942414E-08
1.41233995137964E-08
1.71515442170112E-08
1.94613993556205E-08
2.24164965715614E-08
2.73294726170889E-08
3.06842235489454E-08
3.06993441545353E-08
3.29757734924305E-08
3.31578073756740E-08
3.10022945915589E-08
2.93547739895045E-08
2.65253381892110E-08
3.47855777752018E-08
3.73530811456671E-08
3.31555004937531E-08
3.27651835934584E-08
3.20207547767236E-08
2.59152550031569E-08
2.52518419953455E-08
2.52139280663972E-08
2.42240310614366E-08
2.53071347646207E-08
2.59470451660068E-08
2.54625551549611E-08
2.23271099637173E-08
1.99657283136895E-08
1.94786653455639E-08
1.96703642249019E-08
2.08002104698929E-08
2.14982551269229E-08
2.18721197791847E-08
2.21221201908139E-08
2.03162648402313E-08
1.94687478116064E-08
1.87178593296656E-08
1.84172411866802E-08
1.57927486099911E-08
1.33574921934830E-08
9.97220088411937E-09
7.57501245257252E-09
6.10883347127186E-09
5.44526126169169E-09
4.90453633306133E-09
4.24235775249062E-09
4.31066093205567E-09
4.91545554776507E-09
5.90962539045250E-09
6.54449485109750E-09
6.73145013521594E-09
6.85318193505024E-09
9.43850466212412E-09
1.14453652685407E-08
1.27895014880241E-08
1.34431405680484E-08
1.35944937133988E-08
1.16249063893298E-08
9.12597013612073E-09
7.60606336822344E-09
7.57661456385855E-09
9.71230771732615E-09
1.43867311142173E-08
1.59286144948575E-08
1.68728226900568E-08
1.79706253635148E-08
2.22856909042292E-08
2.26288717311444E-08
2.28484781818111E-08
2.37080383769609E-08
2.72199756433929E-08
3.14215585058597E-08
3.33699742113113E-08
3.57236963642048E-08
3.42612963468195E-08
3.26468460924998E-08
3.34253653041056E-08
3.65005748713559E-08
3.45139657828317E-08
2.97016668063438E-08
2.82063121415645E-08
3.14348820551832E-08
2.95379239080220E-08
2.65987997910809E-08
2.65947709809287E-08
2.80423275906324E-08
2.93735744042533E-08
2.65093321177911E-08
2.54380886693036E-08
2.56972259245655E-08
2.85454851371782E-08
3.01783048689872E-08
3.44281243632573E-08
4.28272638113340E-08
5.05700878321970E-08
5.29810573895087E-08
5.73372813769698E-08
5.93118972523831E-08
5.77882262849314E-08
5.54935037058986E-08
5.75489244934119E-08
5.83078023946009E-08
5.82506673259907E-08
5.82561514746396E-08
6.00158227958365E-08
6.10889563200227E-08
5.89733635971399E-08
5.43501805680604E-08
5.26133007889987E-08
5.41607790707863E-08
5.08493183931510E-08
5.15747301588167E-08
4.84155460917895E-08
5.10957165777862E-08
5.32488135482878E-08
4.84524391027813E-08
3.88464216824495E-08
3.29826570095857E-08
2.79455417817335E-08
2.55977132609046E-08
2.43592762889844E-08
2.37635282682671E-08
2.30825527562285E-08
2.21688690262760E-08
2.03886883056541E-08
2.17260411127245E-08
2.81580098420004E-08
3.55762773866821E-08
3.85779410408323E-08
3.92505611120522E-08
3.75858969098778E-08
3.22065858319415E-08
2.90500601811238E-08
3.12996846435818E-08
2.40539379441770E-08
1.86946480917685E-08
2.49379445565368E-08
3.46745490683264E-08
4.34261892571102E-08
4.69347437036602E-08
4.72838745284576E-08
4.83937483534358E-08
4.41894164698741E-08
3.90399818212536E-08
4.07683881633571E-08
4.75048127007329E-08
5.15034487345261E-08
5.45142362095884E-08
5.80211606390227E-08
5.96913203105087E-08
5.92825547672502E-08
5.67752853583035E-08
5.16387736025410E-08
4.12984561920827E-08
3.01129593907072E-08
2.07809744471219E-08
1.28206546063023E-08
9.09205560735101E-09
1.48463208128062E-08
1.02598782428495E-08
8.07898722430943E-09
1.16098905592450E-08
1.14172492941010E-08
1.25199104318818E-08
1.36408458902520E-08
1.74767655644283E-08
2.55528424284063E-08
3.25376650286289E-08
4.18689489619394E-08
4.99224737989247E-08
5.69761131647269E-08
6.02419730646082E-08
6.07381780617052E-08
6.16230918312349E-08
6.14535784427435E-08
5.31472261950420E-08
4.67348271314286E-08
5.10981090375848E-08
4.96086838668300E-08
4.45242718992680E-08
3.85336008940910E-08
3.44578548779625E-08
2.24951755344320E-08
1.28183510493314E-08
1.29443460682873E-08
1.28984369014282E-08
1.13688946265756E-08
9.28570496564463E-09
9.24189071514910E-09
1.07108962205440E-08
1.46204470294535E-08
2.03574847589688E-08
2.99661738557270E-08
4.53718479853368E-08
5.39388704485444E-08
5.92670397592674E-08
5.95124167092842E-08
5.81644673659832E-08
5.62540540964803E-08
5.44970428935505E-08
5.28526459236154E-08
4.86755529006210E-08
4.24974345583202E-08
3.55855882360274E-08
2.79613326022287E-08
2.47827046238950E-08
2.35035073283983E-08
2.51379264402846E-08
2.73166347083675E-08
2.61394559804551E-08
2.48829576034888E-08
2.34130515908239E-08
2.49275874958659E-08
2.53753683181511E-08
2.43844312767719E-08
2.11075252995143E-08
1.83732733155818E-08
1.58223897864586E-08
1.72373491413020E-08
1.87301886397976E-08
2.04369506662365E-08
1.96838333595326E-08
1.64572773759972E-08
1.68657181428973E-08
1.53221756122470E-08
1.48610455910247E-08
1.34178427261625E-08
9.52429656369437E-09
6.15656150448547E-09
5.43574592792633E-09
5.30968484538210E-09
5.99296807057907E-09
5.10453436656590E-09
3.72726094410485E-09
3.02025891157229E-09
1.77638184658972E-09
1.73654043625609E-09
3.31952395827111E-09
5.67626290947629E-09
9.36155150659318E-09
1.33871061370273E-08
1.88214606129947E-08
1.86825415928641E-08
1.86927430142124E-08
1.73588363594035E-08
1.48120412520345E-08
1.59063121953534E-08
1.32219300665415E-08
7.37553873200417E-09
5.24021536046702E-09
4.76382310662132E-09
5.77902143674873E-09
5.11381849756360E-09
6.01645567514700E-09
7.06712643141277E-09
5.64109143088843E-09
3.48416720553214E-09
2.66741391980011E-09
3.17300972337137E-09
5.98325676268209E-09
9.61672922149289E-09
1.24114392052362E-08
1.26125858506073E-08
1.01254345261462E-08
7.62046538880319E-09
6.38835199663867E-09
8.28753801857742E-09
1.06341802051913E-08
1.33911885422056E-08
1.94793384500090E-08
2.41072332497875E-08
2.59555060552373E-08
2.70709897832202E-08
2.82102404907299E-08
2.84165680414006E-08
2.84327919762057E-08
2.90088199960250E-08
3.07011477023706E-08
3.61107087788544E-08
4.05945661939274E-08
4.37262409711272E-08
4.68560316100387E-08
5.40848963512160E-08
6.10638214402657E-08
6.20382210515615E-08
6.17546999198145E-08
6.12994898531772E-08
6.14468232528221E-08
6.05641667284610E-08
5.87211896182486E-08
5.67791149485396E-08
5.43802066074811E-08
5.43865933612851E-08
5.33256235330585E-08
5.18091476780688E-08
4.98177458721483E-08
4.78101214772356E-08
4.69766657805719E-08
4.72579247588910E-08
4.68373752368704E-08
4.63592818753131E-08
4.70879581084767E-08
4.83708060802376E-08
4.80718504517950E-08
5.03297108152056E-08
5.31303396452171E-08
5.32565905269859E-08
5.27281624110602E-08
5.34767911937026E-08
5.49618447678015E-08
5.55114851538158E-08
5.53917841858934E-08
5.62573002371708E-08
5.77231829812668E-08
5.82221459451571E-08
5.87354675469474E-08
5.83708440388308E-08
5.90492034881886E-08
5.71392430056158E-08
5.45759931960842E-08
5.06076512164251E-08
4.91057879621768E-08
4.50397051213368E-08
4.19141746140934E-08
4.05161281315951E-08
3.89676322172183E-08
3.91902377727130E-08
3.85063616376964E-08
3.75473939898008E-08
3.71717953761556E-08
3.79871190125874E-08
3.85799330420792E-08
3.85766025505757E-08
3.79885495327079E-08
3.63663412994039E-08
3.15611022999135E-08
3.01994854333033E-08
2.94139056905419E-08
2.93736492552093E-08
2.95815826775260E-08
2.56658184476183E-08
2.22772350024235E-08
2.21825492952266E-08
2.03457018489405E-08
1.93823590419427E-08
1.69815878185258E-08
1.32599442189803E-08
1.14796693706095E-08
8.97521955877793E-09
6.53597181696967E-09
4.44496975079086E-09
3.95631634828670E-09
3.84511399194344E-09
2.83506446551583E-09
2.63433153891338E-09
2.93107350278103E-09
2.51027132414918E-09
2.54968623049007E-09
3.30380640542229E-09
3.82618156876632E-09
4.23883132643823E-09
3.99917958393957E-09
3.35253924641840E-09
2.94224517618228E-09
2.81427113911725E-09
3.15645056236533E-09
2.92653360032675E-09
1.59751620521011E-09
1.58736054150595E-09
1.80838452915532E-09
1.65536590055671E-09
1.93488304052774E-09
3.29719624664980E-09
5.65965391380418E-09
8.39334651449521E-09
1.03690846396722E-08
1.36434020246687E-08
1.73894748625161E-08
1.88431395635542E-08
1.95122675269548E-08
2.34754091266076E-08
2.70473086190676E-08
2.95038774104065E-08
2.99123443414960E-08
3.00187965714680E-08
2.99836455175725E-08
3.02719012592578E-08
3.05645586013139E-08
3.17136533772209E-08
3.33978766764669E-08
3.49074506479113E-08
3.37288540663543E-08
3.24511557691134E-08
3.07349255915318E-08
2.96602954836368E-08
2.52916648017927E-08
2.03115403634737E-08
1.71901019195965E-08
1.59793532702239E-08
1.80194511447777E-08
2.29794146305068E-08
2.59191899626394E-08
2.82880762225510E-08
2.46748942706287E-08
2.33990812199927E-08
2.55280115440706E-08
2.54921438843018E-08
2.49560113844180E-08
2.28229198459320E-08
2.57398576012061E-08
2.69487692949131E-08
2.81994486928570E-08
2.49644940045711E-08
2.77851817428763E-08
3.17461901100760E-08
3.85338792398987E-08
4.62998658910576E-08
4.92581258468620E-08
5.03043636136465E-08
5.20093452877341E-08
5.06621427123522E-08
4.94899750797970E-08
5.27354754404962E-08
5.50920608502640E-08
5.50645912619219E-08
5.52511621580798E-08
5.49958578180040E-08
5.26043389802296E-08
4.85013094542062E-08
4.55430325965731E-08
4.49840486262900E-08
4.23522899652912E-08
4.18229677544988E-08
4.37743680379139E-08
3.57902368057366E-08
2.80872146520528E-08
2.99109718496682E-08
3.07003938887244E-08
2.84525925279739E-08
2.74839843461154E-08
2.55423683611646E-08
2.38421888647475E-08
2.31812848483129E-08
2.29802868757026E-08
2.22695297476452E-08
2.27486629477073E-08
2.32235511762897E-08
2.40655118573531E-08
2.82534718458382E-08
3.10985282212747E-08
2.74565235451410E-08
2.18459010449191E-08
2.31670398128687E-08
2.22325610544599E-08
2.18294971669910E-08
2.29806650095905E-08
2.51426073760313E-08
2.40859528578084E-08
1.90296511251892E-08
1.47590054112660E-08
1.11623394751663E-08
8.82768222887113E-09
8.84485975139684E-09
8.63201549679603E-09
6.79019218378877E-09
7.39195290144409E-09
1.28759884624587E-08
1.59241130668237E-08
1.52940994976236E-08
1.75199581284542E-08
1.93632535630388E-08
2.38819618365286E-08
2.52969045666225E-08
1.84601670818060E-08
1.56651912208173E-08
1.78621289226656E-08
1.96957343052830E-08
2.46148306732108E-08
2.85853522762910E-08
2.66258038864342E-08
2.54457772597497E-08
2.70708398833947E-08
2.65460693707122E-08
2.60344819282191E-08
2.91869455589682E-08
3.25089540069017E-08
3.37821084038319E-08
3.42974015030111E-08
3.00081359112033E-08
2.34564820866828E-08
1.68601971823029E-08
1.25681930588256E-08
9.90717119691632E-09
7.55937655891046E-09
5.93449728250392E-09
6.70321778752900E-09
6.78197951790290E-09
6.55497038290057E-09
5.00474676121272E-09
3.74110271062304E-09
3.24524398331065E-09
2.31430764238003E-09
8.43824790486651E-10
3.60341566360333E-10
1.62971232861207E-10
1.41249493362859E-10
2.29416161248194E-10
3.69888526732667E-10
6.69425665166638E-10
1.57797721616897E-09
2.47971630102924E-09
5.17286481863688E-09
8.02992172999035E-09
1.09054420090858E-08
1.44497128301832E-08
1.72419144558735E-08
1.86835243926447E-08
1.86615038826463E-08
1.80845878637020E-08
1.83652326366889E-08
1.68085136065835E-08
1.67630264708679E-08
1.76050990127466E-08
1.86446183619725E-08
2.13396495533071E-08
2.20638320374879E-08
2.40343402143540E-08
2.71775416825244E-08
3.13730689799489E-08
3.40387525008119E-08
2.71261954308909E-08
2.10503687770606E-08
2.69069005359483E-08
2.88290347289132E-08
2.65672679451737E-08
2.69171597085101E-08
3.08253622898097E-08
3.41043037697423E-08
3.31300363647885E-08
3.23387574203672E-08
3.06468180206730E-08
2.75501427746509E-08
2.53862832579192E-08
2.24964446757331E-08
1.96236080666334E-08
1.80439397176026E-08
1.81039612385710E-08
2.05280695334064E-08
2.32449437061631E-08
2.26242222636736E-08
2.15323410093618E-08
2.57505807626127E-08
2.58572417519405E-08
2.29999572002656E-08
2.17711082755990E-08
2.06403747835548E-08
2.11328674740658E-08
2.03160182001961E-08
2.05918033609608E-08
2.13024683404061E-08
2.14671960176455E-08
2.12998869522031E-08
2.70187049853063E-08
3.18362039459731E-08
3.12104847475088E-08
3.97205839493327E-08
4.24236996376502E-08
4.18253422437347E-08
4.19050970258181E-08
4.21558734570091E-08
4.03436455628251E-08
3.36400818221733E-08
3.02597517339182E-08
3.39597560448067E-08
3.57799564564104E-08
3.28273916648267E-08
2.73742450864853E-08
2.57651001855908E-08
2.20928382672688E-08
1.93482588701357E-08
2.12032933570757E-08
2.79640687193512E-08
4.07118772749290E-08
4.74346496075148E-08
4.51461948757436E-08
4.13154772440486E-08
3.92573710844818E-08
3.79978003350409E-08
3.29704349686715E-08
2.82205646977288E-08
2.34851112908923E-08
2.01223550275272E-08
1.59531422150093E-08
1.65345092335804E-08
1.57801724223278E-08
1.32824229783266E-08
1.42947858782440E-08
1.45972322686928E-08
1.29995814030109E-08
1.25295466909092E-08
1.39480312051573E-08
1.54679019923466E-08
1.20224594098023E-08
9.11534185453501E-09
7.62434121167637E-09
5.56297509704373E-09
3.59631171018495E-09
2.29895919855509E-09
1.63749128644710E-09
2.47516408834372E-09
4.15545044897033E-09
4.47363081910381E-09
3.97386539438328E-09
3.82748498871782E-09
6.40987966197678E-09
6.02110890297772E-09
4.61677022983448E-09
3.49333409246239E-09
2.94589137959725E-09
3.68840494601247E-09
5.60163448768070E-09
7.09507263549282E-09
7.41253742890420E-09
8.06081241472126E-09
1.04308097224818E-08
1.29111712617093E-08
1.20063154321261E-08
1.10493886305751E-08
1.07888537088645E-08
8.78138796156239E-09
6.22929335901345E-09
5.02732522947388E-09
4.96158376549143E-09
4.39838276914096E-09
3.13114151856488E-09
3.46489919990950E-09
3.77593100687983E-09
3.47987837637959E-09
5.23248635604635E-09
5.65923576176897E-09
5.68027081994330E-09
7.28415778753161E-09
1.02145667753214E-08
1.23814807731306E-08
1.43544213487769E-08
1.60386306753167E-08
1.69033241973162E-08
1.71541878688597E-08
1.68288391046117E-08
1.40615019690010E-08
1.10254677929491E-08
8.41637361349924E-09
8.82510313646689E-09
9.67212431214357E-09
1.17622707974590E-08
1.44656915499317E-08
1.75921976924803E-08
1.85118433347191E-08
1.37179773660137E-08
9.94207034627257E-09
8.05654123946956E-09
8.26366970724366E-09
9.39327612043036E-09
1.17462326640220E-08
1.42119350136265E-08
1.67428685265660E-08
1.61390700500197E-08
1.28501024210988E-08
9.60219444041271E-09
6.39680623596934E-09
3.69107155584855E-09
2.78571726085648E-09
3.07661079614527E-09
4.25285735059785E-09
5.17333411156848E-09
6.22658835392231E-09
8.74806198851130E-09
9.44160094257194E-09
6.63009263892480E-09
5.49654299346359E-09
5.63203173401035E-09
5.42385127583112E-09
5.63330926685175E-09
4.98387430892260E-09
3.44790082885209E-09
2.62347256913559E-09
1.81343362394023E-09
1.55932040759060E-09
1.81863139148587E-09
2.49201734908675E-09
3.04602652138258E-09
2.88339182095259E-09
4.29256417962520E-09
7.36630875019094E-09
7.90465455840508E-09
6.50687189484998E-09
7.94119662884934E-09
1.26314052650699E-08
1.23532268132692E-08
1.23272909372432E-08
1.27031086413385E-08
1.43565756392461E-08
1.25946247086343E-08
2.02416944071456E-08
1.93906266090850E-08
1.58070842503207E-08
1.72592399782534E-08
1.62516325879595E-08
1.25489040743523E-08
1.02113034161401E-08
7.84361049658806E-09
7.47845384858480E-09
7.67512131142042E-09
9.62114348833943E-09
1.17362103149765E-08
1.05247879278350E-08
9.22236213636782E-09
6.32517830439766E-09
2.35581536719932E-09
5.33199735723236E-10
3.49544068573328E-10
2.49052207160825E-10
4.28887506852310E-10
7.33749631749114E-10
2.00038677059085E-09
3.03042332306138E-09
2.59436595753332E-09
2.48491319775467E-09
2.09854807960565E-09
7.79303147714870E-10
3.39869414290957E-10
4.87539544280864E-10
8.15302182588232E-10
1.18596843094036E-09
1.70449995217652E-09
4.26312887297365E-09
6.35685062943904E-09
9.22638896738323E-09
1.27059726898675E-08
1.41884990249478E-08
1.44763235127119E-08
1.40100483294017E-08
1.22986499769608E-08
1.21996869591878E-08
1.72884539382388E-08
2.27043862520937E-08
2.33461837208905E-08
2.43076870785104E-08
2.27341611786300E-08
1.69825840764370E-08
1.32165522371247E-08
1.05803479201687E-08
8.55784556184489E-09
7.01963854666536E-09
5.84014652442872E-09
5.29854895477525E-09
6.09071186088245E-09
7.59208175589492E-09
6.81048573854813E-09
1.13209747358350E-08
1.36616701307683E-08
1.43490066282490E-08
1.24674559427738E-08
1.04846082830125E-08
1.26585108901439E-08
1.68485762052523E-08
1.80932940075719E-08
2.06941227969300E-08
2.35501778296236E-08
2.39743115289102E-08
2.38504595193433E-08
2.39667700674981E-08
2.92941349778367E-08
3.06423793708603E-08
2.59286143748575E-08
2.22170373778577E-08
1.69215114754665E-08
1.63830532918615E-08
1.53158860340627E-08
1.38334376373918E-08
1.53421299825317E-08
1.93501675893037E-08
3.48500545707324E-08
3.15760357583222E-08
2.94030211503159E-08
2.58472099822035E-08
2.36015012816005E-08
2.06804076160052E-08
1.52694154652427E-08
8.69621283820242E-09
6.30093625285975E-09
4.67465919125634E-09
4.63491606485901E-09
4.73211812582183E-09
3.31227497370382E-09
2.27287330395541E-09
2.32923892373818E-09
4.00249147155660E-09
5.95052916186841E-09
6.82081426006540E-09
6.32699732908323E-09
5.61273633713363E-09
4.70691548041882E-09
3.57228581997458E-09
1.39177257907779E-09
3.85816897239532E-10
1.83629700874332E-10
1.54500685442830E-10
3.14523400214013E-10
3.61836487594140E-10
1.27060883110427E-09
8.74329424782202E-10
7.86537447086689E-10
1.46128853412627E-09
3.04573139249443E-09
4.55962391972697E-09
5.66524758788676E-09
4.50844446974786E-09
3.25451323119916E-09
2.35750923127002E-09
2.62953082580406E-09
4.32046684269442E-09
6.19679229020442E-09
7.07799426772365E-09
7.20416978396098E-09
6.27574726350107E-09
5.83817000003205E-09
6.64702542138673E-09
8.48291338212443E-09
1.10146390247998E-08
1.13431135190520E-08
1.19127718056441E-08
1.40710901350027E-08
1.60475851612793E-08
1.68049304188861E-08
1.86211712109620E-08
2.04856622117200E-08
2.11287061013268E-08
2.02974444757830E-08
1.81680351610028E-08
1.58344360404370E-08
1.92684638324086E-08
1.34351141389408E-08
1.04102380989940E-08
9.80997954621339E-09
9.81072025797364E-09
1.01399482887929E-08
1.10051538926629E-08
9.92774705575707E-09
1.08572133729955E-08
1.20940736061641E-08
1.35378816119118E-08
1.28774627610864E-08
1.27237978255557E-08
1.77749447774817E-08
9.66475416481790E-09
9.14443223721513E-09
1.07223916807351E-08
1.28602037772876E-08
1.45322553056956E-08
1.50809611828685E-08
1.52974818029300E-08
1.46902575592318E-08
1.53278989989593E-08
1.56320105164115E-08
1.61769227840564E-08
1.98900200748246E-08
2.41697653850248E-08
2.34498752132775E-08
2.05735274966447E-08
1.83969127991122E-08
2.01840711646383E-08
1.84846759605750E-08
1.63439412726253E-08
1.63117233787178E-08
1.75132965517062E-08
1.67546911380797E-08
1.43170683467967E-08
1.23913473641053E-08
9.67202499905609E-09
7.29326636909008E-09
6.96379965436584E-09
5.54254031107823E-09
4.11535297791009E-09
3.20775865624017E-09
2.69513406686836E-09
2.06999665547460E-09
1.28490017835097E-09
1.01085507471127E-09
1.04295604121321E-09
9.23494707181613E-10
8.54917140082659E-10
4.22500990544691E-10
1.32332808914106E-10
1.98977669706367E-11
1.35372961040639E-12
4.22743632723401E-12
2.99315158443971E-11
3.39783559334083E-10
9.65101349261029E-10
1.27746634240119E-09
1.62528840357771E-09
1.50291536340163E-09
1.25876963442379E-09
8.66951004664428E-10
4.62720811845449E-10
2.32667526860140E-10
2.56195703733634E-10
3.07954486653622E-10
4.55162092359974E-10
7.37500214841941E-10
8.43814103147621E-10
1.11050952373671E-09
1.18356777751516E-09
1.58740253879005E-09
2.18662580508062E-09
2.95943679016243E-09
2.08349753546048E-09
1.91362679401823E-09
3.45617421465674E-09
3.87650694202603E-09
5.16921445903450E-09
5.43483884992187E-09
5.32773936303206E-09
4.88163510716150E-09
3.43658305556803E-09
1.65974438460890E-09
1.29323182994470E-09
1.25621516248205E-09
1.81149699894261E-09
4.01256872185849E-09
5.86454128616658E-09
5.28041519248553E-09
4.98556813341057E-09
5.54520834589284E-09
5.00501719047290E-09
4.89028694351600E-09
6.64755622589188E-09
8.42101817271046E-09
1.04545846185560E-08
1.09590111876546E-08
8.73180931663897E-09
7.56125278065120E-09
8.13333416408048E-09
7.48661113822142E-09
6.54507137366404E-09
6.72085819058293E-09
5.91024672067749E-09
4.51640432069158E-09
4.23375341542067E-09
4.14018267476370E-09
4.20039260956085E-09
4.06098775091449E-09
3.93578086383789E-09
4.59680414305952E-09
5.63973239719126E-09
6.01714215855733E-09
5.71931428187880E-09
5.35415042981740E-09
5.77721115984808E-09
5.66489387654762E-09
5.32414845670088E-09
4.12671195682351E-09
3.13195371674839E-09
1.88828505487689E-09
1.36716347681829E-09
1.27004473751719E-09
2.32967928168893E-09
4.17098774203419E-09
7.59946670716434E-09
1.35558749742329E-08
1.65772113279103E-08
1.51129380574895E-08
1.38332928041566E-08
1.25924504684655E-08
1.05701772941899E-08
9.24467809191619E-09
8.30783157333685E-09
8.80304320206232E-09
9.57499365843861E-09
9.79172576906467E-09
8.05325195359540E-09
5.87216317970053E-09
4.92756074043917E-09
4.84199236258560E-09
4.85222133351897E-09
4.70665664890061E-09
4.56453582074494E-09
6.87094223421498E-09
1.04913968015986E-08
1.31193898380645E-08
1.40274293467790E-08
1.43574308242822E-08
1.35729307006764E-08
1.65826052279185E-08
2.16797509224377E-08
2.36500829165407E-08
2.06301152151656E-08
1.82942904760382E-08
1.76526422737432E-08
1.85822628449084E-08
1.83587042954340E-08
1.73399608957851E-08
1.64781941609529E-08
1.67411869727266E-08
1.58615437633961E-08
1.49938787257364E-08
1.38571657862534E-08
1.22171758791067E-08
1.02422853786629E-08
7.55453638181217E-09
5.35898328410928E-09
5.26583164547321E-09
4.63769002307822E-09
2.56211378497549E-09
1.18199198874937E-09
1.10252568565428E-09
2.47835750482849E-09
5.61410075408306E-09
9.68244630250922E-09
1.40789155629711E-08
1.74017729814510E-08
1.98977441709858E-08
1.93639002657982E-08
1.82921882368684E-08
1.71745729784901E-08
1.68690628446035E-08
1.69793718185694E-08
1.67296195115366E-08
1.60018146923313E-08
1.63466832479929E-08
1.87250541254658E-08
2.14616471908040E-08
2.31454949290399E-08
2.51228790627584E-08
2.72237217536364E-08
2.97240120531177E-08
3.25541888422507E-08
3.67157286203382E-08
3.95747256003875E-08
4.02471859156801E-08
3.93478541737277E-08
3.82494860608695E-08
3.74920490108953E-08
3.71346088195852E-08
3.59753213701147E-08
3.80924355742479E-08
3.46455007620959E-08
2.90441341307975E-08
2.38171958495205E-08
1.98176420899667E-08
1.69497583104352E-08
1.46506720512939E-08
1.30265123098831E-08
1.30328762640306E-08
1.31487336690104E-08
1.23556517704949E-08
9.51435904045456E-09
6.63185656444023E-09
4.34183229797571E-09
2.39676936910867E-09
1.36181101993589E-09
7.66467811871357E-10
4.63479969161178E-10
2.52201251397245E-10
2.47469610164239E-10
3.38892076928075E-10
3.64650345212401E-10
2.98516853801281E-10
1.64251576076944E-10
1.14365927444201E-10
3.26909076163484E-11
2.23949626917288E-11
7.88003631253273E-11
2.04402721328758E-10
2.75886294658055E-10
2.78381907069655E-10
2.12159987823757E-10
1.86996687661471E-10
4.50353264789532E-10
1.23396808089629E-09
1.00273091582567E-09
7.82244422164007E-10
6.12249390927114E-10
1.35584277441169E-09
1.60139578844330E-09
1.05348568261794E-09
5.53488896798780E-10
4.24952349456165E-10
4.05113481598401E-10
3.25921526454473E-10
3.12542007140674E-10
4.24526716283630E-10
6.02526920698268E-10
6.60184362690549E-10
7.75556483313019E-10
9.77939891306252E-10
1.38544963264603E-09
1.76852534617270E-09
2.49157160788374E-09
3.15835330453995E-09
3.47122119635557E-09
3.61186004683248E-09
3.38523442897036E-09
3.13146027834713E-09
3.17815353964627E-09
2.64004031959558E-09
2.24316380768366E-09
1.94056169874697E-09
1.84009042035778E-09
2.37266605506443E-09
3.59105595392940E-09
6.82726367334236E-09
1.24035692071058E-08
1.84651936935962E-08
2.42576846608030E-08
3.10924142716950E-08
3.65104529413244E-08
3.91443762238869E-08
4.21822380140782E-08
4.29262068002419E-08
4.31520510152900E-08
4.11795123231739E-08
3.76876065737814E-08
3.62518183076587E-08
3.45857379934803E-08
3.23801446553347E-08
3.13466056639505E-08
2.94513388475648E-08
2.60502383908985E-08
1.87390960223031E-08
1.30374031833470E-08
1.24654240817105E-08
1.31822630181650E-08
1.51981925046547E-08
1.76821723414675E-08
1.87022871642104E-08
1.48790210619486E-08
9.24098522045415E-09
5.98231204149462E-09
4.60691745323495E-09
4.23516050256075E-09
6.19630858915651E-09
7.08630446547384E-09
8.74223719082649E-09
8.12935985935730E-09
9.51793118456838E-09
7.43161234993500E-09
7.52490664475583E-09
1.00195769872171E-08
9.13949219287101E-09
5.27505964814963E-09
3.14414769350192E-09
3.21997080147005E-09
2.36951249839598E-09
1.67955451539950E-09
4.26353578351144E-10
9.27954929586008E-10
3.22838850593433E-09
7.93329441037091E-09
1.63619542284013E-08
2.48914148906902E-08
2.84573191817821E-08
3.10563287485410E-08
3.19545199139227E-08
3.22955077384517E-08
3.68529305413314E-08
3.85417049845290E-08
3.77965213249968E-08
3.80992394905188E-08
3.88540259616654E-08
4.09458147347450E-08
5.55498804088478E-08
6.12211437019605E-08
5.90264225938097E-08
5.66234071875275E-08
4.88963772329443E-08
4.34431445621497E-08
4.04508592459115E-08
3.79717706479279E-08
3.35979547858487E-08
2.79639443503911E-08
2.34180687819226E-08
2.10063904561196E-08
1.62633900858705E-08
1.50513003337807E-08
1.44013542835495E-08
9.38646856254768E-09
4.86862236149010E-09
3.02325504769512E-09
9.50408949721563E-10
4.44371125724603E-10
2.80268261991109E-10
3.19059423560038E-10
6.45805656342961E-10
1.52755648809548E-09
2.26643746755730E-09
3.02273374304690E-09
3.95538009780498E-09
6.20200680124788E-09
8.56142372253467E-09
1.03884782809025E-08
9.93658845383970E-09
9.52909889969590E-09
1.19731034969407E-08
1.14592103204261E-08
1.15425296071551E-08
1.04506750316081E-08
7.72140888924651E-09
5.64574121502103E-09
4.13685424156253E-09
4.25700874848702E-09
5.60960375931587E-09
9.22163737645069E-09
2.16052743400219E-08
2.24214457595178E-08
2.13822773904221E-08
2.14777684875718E-08
1.88551418806945E-08
1.58074192786079E-08
1.36059925381226E-08
1.33060815407363E-08
1.37975813378686E-08
1.52266237555959E-08
1.50312246028239E-08
1.41569849121067E-08
1.03785204517186E-08
7.34785009279475E-09
6.03881572586456E-09
5.76108186736746E-09
6.26832613360990E-09
5.98519691054335E-09
5.25298855141322E-09
5.09052184011968E-09
5.37420498400987E-09
6.58049887339575E-09
7.61437289306710E-09
8.79162191992064E-09
1.01453767841134E-08
8.27041591188372E-09
7.03612349003924E-09
6.74418714754037E-09
5.86842565891095E-09
4.84136572827383E-09
3.80605275735896E-09
2.45905854550539E-09
9.88864172600335E-10
6.37872009171237E-10
6.42643470637813E-10
5.80610038305793E-10
4.41418332698949E-10
4.23109298049152E-10
5.52378798935513E-10
6.05175401640734E-10
5.90590667146302E-10
8.94172844654742E-10
1.74006876227984E-09
3.30876794319265E-09
6.33107609264975E-09
9.66558801475858E-09
1.07622495179046E-08
9.84695160393132E-09
8.77901212651340E-09
6.06379678710501E-09
6.12017463795356E-09
8.49209752712800E-09
1.45682362512580E-08
2.02060139737236E-08
2.36963284575000E-08
2.64738868058276E-08
2.60142597807175E-08
2.45107260162135E-08
2.25921138160344E-08
2.10613753508652E-08
1.95424980903783E-08
1.83031707047861E-08
1.11295727270256E-08
4.88782711389878E-09
4.70986114855178E-09
4.68104653880141E-09
4.65069592093612E-09
3.47589579886434E-09
5.00747270557181E-09
7.36227071726095E-09
9.94743626128562E-09
1.03496370075884E-08
1.17515190177333E-08
9.50386165898065E-09
1.38736601899015E-08
1.78482058136226E-08
2.02676121938606E-08
3.76849149872382E-08
4.87298382496531E-08
4.79757229829803E-08
5.17311750691427E-08
4.70680306544532E-08
5.20243461951269E-08
5.56706354254775E-08
5.90709942599806E-08
5.89470046212367E-08
5.95166167147746E-08
6.06331939554539E-08
5.87796645229284E-08
6.15817318687733E-08
6.13670873517043E-08
5.21285510756147E-08
6.20381018283573E-08
6.27974952155322E-08
6.26555441577362E-08
6.20099270735530E-08
6.26432713717530E-08
6.16688680000970E-08
6.17536381920560E-08
6.21921907741683E-08
6.23810413984895E-08
6.23378283306058E-08
6.24641117098018E-08
6.25838870932699E-08
6.24935250480343E-08
6.25958147573679E-08
6.29752018347854E-08
6.30672813749859E-08
6.34238788102396E-08
6.36402539637420E-08
6.34265071831515E-08
6.34265071831515E-08
6.32127604025611E-08
6.32127604025611E-08
6.32127604025611E-08
6.29584017336584E-08
6.29584017336584E-08
6.29584017336584E-08
6.29584017336584E-08
6.29584017336584E-08
6.29532015119830E-08
6.25255876192812E-08
6.25070258488547E-08
6.22749579608795E-08
6.23887196578412E-08
6.26154173162849E-08
6.24654240754519E-08
6.24719007612347E-08
6.23630571006153E-08
6.23663792005785E-08
6.21814743022443E-08
6.19346189369951E-08
6.19475488359976E-08
6.21716395357901E-08
6.21173339599794E-08
6.20914741619743E-08
6.19951912517508E-08
6.16748176417348E-08
6.15126522738191E-08
6.13760833995411E-08
6.13106301770506E-08
6.20796564587201E-08
6.20249980423904E-08
6.19289528265035E-08
6.26299598555815E-08
6.29860078428609E-08
6.29607716312968E-08
6.29922902565698E-08
6.29784054240336E-08
6.29221368215396E-08
5.46090850768279E-08
4.21621461333646E-08
3.00996719012573E-08
1.63563358942734E-08
8.71161459997426E-09
8.12182496867960E-09
4.83151718702718E-09
2.92667301072698E-09
2.61300879340547E-09
3.10435255538800E-09
3.00468896275029E-09
3.54066435875044E-09
3.41991270665336E-09
1.49823272559722E-09
1.17956117327847E-09
1.68912680872361E-09
1.05669220098869E-09
4.32063625680938E-10
1.24116833911416E-09
1.82426781492457E-09
1.52786277931552E-09
1.31912598576565E-09
2.65652356091176E-09
5.61413538897807E-09
1.06633035998741E-08
1.32906960474694E-08
1.19426376537276E-08
1.46850134007183E-08
1.65461868139450E-08
1.70656220486530E-08
1.70268409410993E-08
1.74617266971906E-08
1.95689561022899E-08
1.77758081561443E-08
1.60311831833226E-08
1.38198013448622E-08
1.00086782763711E-08
5.74208797219954E-09
4.11827632137930E-09
4.29783675854404E-09
5.01368216829615E-09
5.67765930927733E-09
9.91120483616243E-09
1.05824921170399E-08
9.23075905989516E-09
1.01709266492866E-08
1.04918916649783E-08
1.15890691686859E-08
1.32790115401256E-08
1.60586301699217E-08
1.26157466509166E-08
8.48577450153084E-09
6.56888545664796E-09
7.63349642169916E-09
1.08724880741811E-08
1.71405775030229E-08
1.54035199974715E-08
1.23051879764034E-08
1.51188414664903E-08
1.74521151377913E-08
1.82962141970636E-08
1.57669342925510E-08
1.04450533329475E-08
8.27525030990236E-09
6.27185125343195E-09
3.81175987556620E-09
4.36614623176430E-09
4.87466157886201E-09
8.09289343152372E-09
1.35891105403124E-08
1.78446760230376E-08
2.29027612350443E-08
2.56863546841392E-08
2.96779373512519E-08
3.58987623003148E-08
4.30390054887915E-08
5.04682992403156E-08
5.67505077523319E-08
5.75908441953594E-08
5.80806121685761E-08
5.76189124726008E-08
5.70859556165527E-08
5.49315197995499E-08
5.36532038532785E-08
5.33199833888425E-08
5.28525818787467E-08
5.42291608616673E-08
5.52811867329393E-08
5.61399859499676E-08
5.89447501468598E-08
6.12127438888935E-08
6.10797340172604E-08
6.14335246802058E-08
6.16534309305236E-08
6.12950310161686E-08
6.04418748328960E-08
6.00691519842700E-08
5.99124714774925E-08
5.92027457172342E-08
5.74968766773453E-08
5.46629740443301E-08
5.11750243124363E-08
4.65628792462719E-08
4.12951107383046E-08
3.82176678734418E-08
3.45266216505450E-08
2.95343698928018E-08
2.38742857938103E-08
2.04372090623446E-08
1.68962684952543E-08
1.41060205547213E-08
1.15045660414543E-08
9.36961466848086E-09
7.69545820927697E-09
7.94951288275833E-09
6.33678748579260E-09
5.46518800322592E-09
5.76926468786952E-09
6.59216248105426E-09
8.09311929062183E-09
9.23828191742073E-09
1.03236971732888E-08
1.14953703382915E-08
1.24627563635578E-08
1.35757879013919E-08
1.38688884513557E-08
1.41978547215342E-08
1.45904592665396E-08
1.62427654215150E-08
1.72194251279364E-08
1.79547965435919E-08
2.05149783743327E-08
2.57961958297347E-08
3.04092184055989E-08
3.30430774453790E-08
3.43616643538475E-08
3.46442776555181E-08
3.35358203383714E-08
3.27748375855519E-08
3.20479608627845E-08
3.06227716266048E-08
2.78122821430290E-08
2.57152785818268E-08
2.02171363270343E-08
1.29152765061270E-08
7.38326884474153E-09
4.53081093286884E-09
1.12500214920180E-09
6.10140660188378E-10
1.06004430466666E-09
1.98755080142355E-09
3.92503846522100E-09
6.85328797720306E-09
6.64332799790989E-09
5.73675708790889E-09
9.87448709753077E-09
1.93782923906937E-08
3.33137396103884E-08
4.49757946756094E-08
5.27949030224936E-08
5.86551537774500E-08
6.01206350338430E-08
5.99750691221599E-08
6.09756780470298E-08
6.14873386780039E-08
6.21953031647902E-08
6.29558545845230E-08
6.25888875804536E-08
6.09516347404151E-08
5.93407612218067E-08
5.71651419905307E-08
5.64774724834823E-08
5.45919086230361E-08
5.32343076230230E-08
4.79874964723171E-08
4.16004693494734E-08
3.94751378086914E-08
3.46460080544552E-08
3.26153372441629E-08
3.04609547451070E-08
2.71835987121280E-08
3.15738169084087E-08
3.82333933032553E-08
3.82586486728642E-08
2.76673776984663E-08
2.74258350490314E-08
3.16061606754203E-08
3.78531758591780E-08
4.28692452623514E-08
4.73472623633066E-08
5.14435053498808E-08
5.20678113258807E-08
5.22509325073310E-08
5.41222350242454E-08
5.63241687404281E-08
5.55610935253748E-08
5.30669995075664E-08
4.38023566746882E-08
4.00522699493806E-08
3.55529485088901E-08
4.38815042575838E-08
4.05271308262915E-08
4.39087634240952E-08
4.67403758791045E-08
4.53974128919502E-08
4.42775383301011E-08
4.31999523813096E-08
4.18728386783533E-08
4.05397782628818E-08
3.91020987731610E-08
3.49871138355409E-08
3.45518297583657E-08
3.12385259501580E-08
3.12627762744880E-08
3.07020193538253E-08
2.63852644614723E-08
2.19760976922577E-08
1.99655876366417E-08
1.80297090902747E-08
1.61683408508156E-08
1.41214791968864E-08
1.37807775951297E-08
1.25685044958015E-08
1.14413270772798E-08
9.88080097951572E-09
9.63269191023290E-09
8.98820863397246E-09
7.84441596570623E-09
6.78428829979517E-09
6.34834049928352E-09
5.91233569963039E-09
6.98306552252062E-09
8.04394486461015E-09
1.33444560544140E-08
1.78007263204155E-08
1.97213793669391E-08
2.23562916241891E-08
2.08546007923439E-08
2.26316595433215E-08
2.02536880160837E-08
2.27189929154245E-08
3.18240753599014E-08
3.39217298592159E-08
3.66649896866408E-08
4.11032272450805E-08
4.53661472795330E-08
4.79265000681155E-08
4.96121200442417E-08
4.84289405733779E-08
4.39314184057873E-08
4.04504764016778E-08
3.77833663189680E-08
3.29060361511331E-08
2.93878616744780E-08
2.57128721493220E-08
2.29400255321105E-08
2.33466009625227E-08
2.55580122901223E-08
2.63450635607199E-08
2.53974393357220E-08
2.33781089004567E-08
2.11191547076879E-08
1.84328149354450E-08
1.70355854802242E-08
1.80939268563734E-08
1.85075788093671E-08
1.67501841684627E-08
1.55006119788422E-08
1.36682383318394E-08
1.10230465565006E-08
1.02119886724856E-08
9.50499823769502E-09
8.87176374200785E-09
6.52092246030662E-09
4.29193342870876E-09
2.46204181723864E-09
2.20987634863577E-09
4.94433986271542E-10
4.59368708167462E-10
7.81440971765405E-10
1.07346340671761E-09
5.15462347046759E-09
1.15996638445277E-08
1.77608797247433E-08
3.03725964967738E-08
4.84105591023192E-08
5.73310130942980E-08
6.19964138437530E-08
6.22332758345204E-08
5.46424142164980E-08
4.70101619593927E-08
5.75918365345797E-08
5.68478439987737E-08
5.34512504325589E-08
5.57398119585550E-08
5.76325494776198E-08
5.79954320577912E-08
5.99415792765769E-08
6.14513948610488E-08
6.11791237369398E-08
6.08537427919265E-08
6.03947925920389E-08
6.16767077174335E-08
6.25881218524035E-08
6.26000972136998E-08
6.22019803767194E-08
6.26414793820768E-08
6.28535780166581E-08
6.19702084884527E-08
6.11205644418644E-08
5.93505945236995E-08
5.86240583312198E-08
5.17065325194703E-08
4.93459948129812E-08
4.71830735654508E-08
4.92661671194960E-08
5.01660732465472E-08
5.39184144066491E-08
5.48333322867631E-08
5.55738561873129E-08
5.70250207239247E-08
5.73036324879490E-08
5.79948794431979E-08
5.92836233032395E-08
5.93520050941206E-08
5.84734126085476E-08
5.87963550194563E-08
5.92387337876894E-08
5.98552277938516E-08
6.07915809136125E-08
6.14210826384386E-08
6.17066807555692E-08
6.19119658948572E-08
6.18841707780847E-08
6.13210913007373E-08
5.94561437131064E-08
5.81173569818001E-08
5.61127407165796E-08
5.26624764420753E-08
4.63717481417154E-08
3.73286553114806E-08
2.95463449374362E-08
2.13287538903320E-08
1.46259322072536E-08
1.27814512696915E-08
1.51414024787643E-08
1.62228526526869E-08
1.60452793085097E-08
1.92206076698749E-08
2.76335249979319E-08
4.06119442425995E-08
4.49559295643968E-08
4.57397545648379E-08
5.18763668843771E-08
5.78397225551387E-08
6.08786033237324E-08
6.11183116299625E-08
6.18129932188963E-08
6.17416998802017E-08
6.10584554460872E-08
6.11471580642335E-08
6.08029432174759E-08
6.10742070005072E-08
6.12337684972251E-08
6.13085412772631E-08
6.13745095107466E-08
6.13676936009065E-08
6.08168299895662E-08
6.04766228949446E-08
6.05877545565193E-08
6.07736964434013E-08
6.09066102873140E-08
6.09548944184018E-08
6.10537858705860E-08
6.05911958796868E-08
6.01853505132786E-08
5.97778679256965E-08
5.97699493199649E-08
6.01864252637577E-08
5.98431905647372E-08
5.82806109541527E-08
5.24892193183047E-08
4.06343193743400E-08
2.89870141432102E-08
2.89655409041356E-08
3.56622570291747E-08
5.17122682559965E-08
5.24337772033623E-08
3.92468505075238E-08
3.25578529370629E-08
2.72563792534226E-08
2.27705762676535E-08
2.21524551339153E-08
2.05829402715381E-08
2.91792003256252E-08
3.45372124076959E-08
2.87969047086822E-08
2.83852932062057E-08
3.27543435838117E-08
3.25773595474250E-08
2.94673920620246E-08
2.41373206424508E-08
2.38560400123745E-08
2.02025171159758E-08
1.64975705441099E-08
1.09417739347786E-08
8.02542006446020E-09
9.60553142348512E-09
1.28895990262092E-08
1.16132336380590E-08
1.22673628315346E-08
1.18546282480570E-08
9.00026703985127E-09
6.15476159826197E-09
5.37300253962086E-09
4.76589522332819E-09
3.09492058286708E-09
1.09853052082863E-09
6.12221247601000E-10
1.27456413611362E-09
2.96745150277983E-09
5.45412949687017E-09
9.91418414962205E-09
1.19465628758567E-08
1.38126158114225E-08
1.44613680067187E-08
2.11644020511818E-08
2.33228005751659E-08
2.87110149981685E-08
3.53315355021001E-08
3.42140282254287E-08
4.13875361920450E-08
4.20363866316947E-08
4.36707754232043E-08
3.49450126071608E-08
3.37026014096830E-08
4.43910005440735E-08
4.44480865300895E-08
3.96711404794566E-08
3.43075646478526E-08
2.95238317806913E-08
2.47503568194443E-08
2.61157347585726E-08
2.61153211981349E-08
2.31060152653410E-08
1.69498138054327E-08
1.20696679591736E-08
9.13017615818718E-09
9.13376710410108E-09
5.55600857488869E-09
2.71623819691902E-09
4.26550110599357E-09
4.63130168596471E-09
5.06790691615762E-09
6.96732117215879E-09
1.02821641155177E-08
1.60479212978832E-08
2.21408754416595E-08
2.91874121998564E-08
3.75870433051111E-08
4.43018312850390E-08
4.42873563530574E-08
3.92705813480115E-08
3.29401286834719E-08
3.77220973084558E-08
4.73649361741907E-08
5.10221767604276E-08
5.42411830097588E-08
5.75584345626732E-08
5.93250546333761E-08
6.02389345749566E-08
6.05682893101175E-08
6.02638856720650E-08
6.02102051076739E-08
6.02224727874839E-08
6.06413833466903E-08
6.06833248983087E-08
6.09324593188146E-08
6.06663853867815E-08
6.03457992570497E-08
6.08681041214526E-08
6.06798910562785E-08
6.10023763657386E-08
6.12703417588664E-08
6.12551460252413E-08
6.10902726043638E-08
6.10499170934401E-08
6.10953145346733E-08
6.07787466465029E-08
6.05392028065457E-08
5.87374861082109E-08
5.29346815421787E-08
5.31774016197127E-08
5.33585144918284E-08
5.12152144071015E-08
4.85715293090694E-08
4.29233855802345E-08
4.01649546792299E-08
3.54525433336720E-08
3.04377761233852E-08
2.54714909578720E-08
1.85962992001624E-08
1.21120392209865E-08
1.40341082211833E-08
1.44017675669080E-08
1.22417938874820E-08
9.57459268531131E-09
7.36934656693600E-09
6.30407536182914E-09
5.02388640001880E-09
3.19209477758292E-09
2.11768716425341E-09
1.93923729994478E-09
1.41470982526843E-09
1.00734551090493E-09
9.83507519947790E-10
1.21809635328628E-09
1.36286055621132E-09
1.91132901612688E-09
3.82751851529618E-09
6.39759504075519E-09
9.58069468090433E-09
1.23655964582102E-08
1.74753105030108E-08
2.30167905508918E-08
2.36918588539869E-08
2.56312023148327E-08
3.05439648906588E-08
4.30830203841817E-08
5.52256899938196E-08
6.10153979383604E-08
6.20262823042972E-08
6.25907215278311E-08
6.28069977640734E-08
6.26798184296221E-08
6.24660716490316E-08
6.22523248684412E-08
6.23795042028925E-08
6.25066835373438E-08
6.25066835373438E-08
6.23634804379891E-08
4.95859584674486E-08
4.15506067379937E-08
4.30606499232042E-08
5.92047775387146E-08
5.49700782542071E-08
5.45809286092481E-08
5.32077347024255E-08
6.08320245752918E-08
6.12558304107666E-08
6.20508417698043E-08
6.21640724643472E-08
6.14840077906730E-08
6.09885908858726E-08
6.16584302302252E-08
6.15854941287736E-08
6.12046929976543E-08
6.01620600703244E-08
5.99864247365406E-08
5.99302186351885E-08
6.02059464405671E-08
6.15450464296551E-08
6.16288621630733E-08
6.15800370942996E-08
6.12034592829029E-08
6.03367359185598E-08
5.90308384835485E-08
5.82822780602931E-08
5.71931200587142E-08
5.37666617923154E-08
5.20382035968262E-08
5.14298304245997E-08
5.29715207206480E-08
5.51128980343353E-08
5.55848401593746E-08
5.57945532215534E-08
5.59376181375728E-08
5.64545667847332E-08
5.77849681506714E-08
5.80733667068724E-08
5.65718847135483E-08
5.49093851329376E-08
5.36740708827337E-08
5.26418554589142E-08
5.33013857168734E-08
5.04718924820282E-08
4.91675550026878E-08
5.02760705460408E-08
5.13504084937529E-08
5.02804927690175E-08
4.82364861387532E-08
4.54585474794871E-08
4.33286035602590E-08
4.07741118271484E-08
3.50680496873352E-08
3.33105088673826E-08
3.48835687992813E-08
3.50240553749684E-08
3.32084529336945E-08
3.20029161829047E-08
3.20051500742583E-08
3.10186035500834E-08
2.91482918286625E-08
2.65086576279501E-08
2.14674603511641E-08
1.48020265820401E-08
1.19283155506942E-08
9.44098028525344E-09
6.46457045698543E-09
5.41493403722403E-09
4.41975261810605E-09
3.67426068821700E-09
3.23450969915486E-09
3.17574746338610E-09
3.48887988663405E-09
4.13130355433250E-09
4.15976092988009E-09
4.40924221391159E-09
4.19371104353055E-09
4.42867892115995E-09
4.89787590421266E-09
4.75187272203221E-09
4.43828248484641E-09
4.08620512109571E-09
4.64620822811214E-09
6.17706425401067E-09
7.76704580603944E-09
9.26200503927467E-09
1.01251010811684E-08
9.91946242845503E-09
9.40241767440878E-09
9.17953282312071E-09
1.16424118944155E-08
1.16533343549037E-08
1.16781313564164E-08
1.21814828583742E-08
1.36450798973135E-08
1.63060397330737E-08
1.84541063314251E-08
2.02261391039364E-08
2.25827253053589E-08
2.35101753571326E-08
2.71837820593664E-08
2.60701934736726E-08
2.86944590037814E-08
3.29737376335109E-08
3.85622147401986E-08
4.44239125212768E-08
4.95847865809327E-08
5.19909161986425E-08
5.50987009731685E-08
5.80724040547050E-08
5.93662251132749E-08
5.93420114821422E-08
5.97550466569258E-08
5.92803445067907E-08
5.96761007084932E-08
6.02002289516827E-08
6.12703650335157E-08
6.20592324392591E-08
6.23157166615638E-08
6.26970824008457E-08
6.24391997204377E-08
6.25362170091835E-08
6.27472998715640E-08
6.28006114852622E-08
6.28627057166785E-08
6.27244930900750E-08
6.18131670662779E-08
5.88924075581496E-08
5.75736435565151E-08
5.91939422789964E-08
5.84609978392863E-08
5.68847551782418E-08
5.51483882331227E-08
5.35343641661338E-08
5.01939181979857E-08
4.77308660313813E-08
4.75688448237944E-08
4.76560299981294E-08
4.58299630686361E-08
4.61116020016491E-08
4.94037051375103E-08
5.12054260711980E-08
5.17982485318128E-08
5.15838881000483E-08
5.13982374233635E-08
4.97183618523830E-08
5.00954422062106E-08
5.15129429311097E-08
5.23705249393880E-08
5.46492612779523E-08
5.84546197145190E-08
6.06935238655273E-08
5.95813593479678E-08
5.90598306614576E-08
6.11868605391597E-08
6.21214500896498E-08
6.21873885964977E-08
6.23134176566076E-08
6.23870827137465E-08
6.20586156610489E-08
6.15621563052831E-08
6.14139411210026E-08
6.13698039941202E-08
6.08616399042319E-08
5.93380384836494E-08
5.52925342724417E-08
4.94693801024943E-08
4.83569662532735E-08
5.21270612605539E-08
5.65040444936769E-08
5.87623349631093E-08
5.72067075853117E-08
5.98171263614774E-08
5.80880535252459E-08
5.61246082149172E-08
5.45134127699076E-08
5.22845649299331E-08
4.91489910947935E-08
5.00820546120183E-08
5.20478271497950E-08
5.18925901462757E-08
5.26277105677949E-08
5.51983427953008E-08
5.84919839184138E-08
5.85179213777492E-08
5.87312891932142E-08
5.98977085415154E-08
6.07409205912311E-08
5.97179110037552E-08
5.90707277889940E-08
6.14792019713906E-08
6.24003633553829E-08
6.26376311483715E-08
6.27724839526632E-08
6.28500724507081E-08
6.27894772571303E-08
5.97281242207592E-08
5.98799818085118E-08
5.73767251391260E-08
5.13547493742048E-08
5.45568879150940E-08
6.10742562414322E-08
6.01336074842880E-08
5.01287818748887E-08
3.56938087456160E-08
4.12027532481239E-08
4.91462626171393E-08
4.81757465473504E-08
4.59724569640894E-08
4.30503981921970E-08
4.29058435798652E-08
4.37475184339837E-08
4.27128149184726E-08
4.19904008326567E-08
4.05286299828782E-08
3.77051059435429E-08
3.38410378766651E-08
3.04188296879191E-08
2.71074480965928E-08
2.62095197210030E-08
2.15742925358300E-08
2.00272645868430E-08
1.65182989548195E-08
1.17312726060139E-08
9.37129554941374E-09
7.68126637303142E-09
5.48315591384700E-09
4.15036759011062E-09
3.56875840435378E-09
2.88372047641912E-09
2.08878001006362E-09
1.63942624896976E-09
1.94489113978782E-09
2.38902298786638E-09
3.28222043471236E-09
4.66933998387312E-09
6.80742563672209E-09
8.98316318079937E-09
1.27072302730094E-08
1.74859699362107E-08
2.45110759276099E-08
3.31827274003338E-08
4.08869949852591E-08
4.68007084808041E-08
5.03934964169801E-08
4.94249241762469E-08
5.38524372274670E-08
4.97955867038218E-08
4.46408850970310E-08
4.21470536711008E-08
4.23576796299465E-08
4.36540080965836E-08
4.56784881667862E-08
4.38938395051262E-08
3.57101343288901E-08
3.92718406332111E-08
4.12030882368284E-08
4.31548673270380E-08
4.91415273342945E-08
5.06645555176777E-08
5.44593724776012E-08
5.64330780292257E-08
5.60681760169705E-08
5.65340838328973E-08
5.81112357489968E-08
5.87690228623775E-08
5.94104752884546E-08
5.94966409698117E-08
5.73228717960872E-08
5.42391091118289E-08
5.15665776982740E-08
4.94115120407576E-08
4.75883136722253E-08
4.43500337173573E-08
4.18374582029133E-08
4.12870355432649E-08
3.93417781839929E-08
3.79895105619830E-08
3.90547165743218E-08
3.49644980011759E-08
2.83893484972090E-08
2.12652336908100E-08
1.63660091235773E-08
9.69795901469329E-09
7.55038256937606E-09
9.31206136867000E-09
1.29960417563242E-08
1.37040642714032E-08
1.05769447547597E-08
7.28007308655455E-09
5.13528421591809E-09
3.29145948097244E-09
2.45923076999471E-09
2.89387206310136E-09
3.51250876199085E-09
3.24194967042890E-09
2.95481629725532E-09
3.20191569007904E-09
3.30762851452115E-09
3.14984143274401E-09
3.75241442774832E-09
5.38166989240832E-09
7.44839226386612E-09
9.20114001017774E-09
1.11783301093188E-08
1.34907882878883E-08
1.54666390655352E-08
1.54355048678053E-08
1.68727965654503E-08
2.08516789530187E-08
2.79100907302731E-08
3.52848062205101E-08
3.97474932440305E-08
3.99379364006153E-08
3.74093533501902E-08
3.42892205428977E-08
2.64167172606535E-08
2.67972855265301E-08
2.59537122447553E-08
2.49277100440202E-08
2.51117317723232E-08
2.61362604660853E-08
2.84599920852734E-08
2.89235002769262E-08
2.56147444460511E-08
2.35242338787194E-08
2.44511363429074E-08
2.76676945582771E-08
2.50459451444377E-08
2.24547570077908E-08
2.10881737743163E-08
1.87518106307982E-08
1.65861833490256E-08
1.54346021439020E-08
1.50863049315488E-08
1.77351938928679E-08
2.27863484050968E-08
2.34458328262464E-08
2.57196286454737E-08
2.67757827191509E-08
3.01361956844770E-08
3.19205710273370E-08
3.53680756725730E-08
3.87474861350961E-08
3.98039176441779E-08
3.61182332196895E-08
3.44458621794273E-08
3.32238052566277E-08
3.34109951080464E-08
3.73354015952861E-08
4.24708883164875E-08
4.59092514077450E-08
4.92131427181385E-08
5.22933757701427E-08
5.35585106253616E-08
5.52998510622377E-08
5.47525269788358E-08
5.25714502380930E-08
4.85940449199440E-08
4.97158061533764E-08
5.13175140121194E-08
5.40733689081733E-08
5.38661312712101E-08
5.59772371325064E-08
5.47568539261642E-08
5.71868526072799E-08
6.16059311709551E-08
6.24318420020914E-08
6.29610568249179E-08
6.31042492369336E-08
6.32537285355075E-08
6.35614764002733E-08
6.34402943254925E-08
6.34347932750148E-08
6.29996497957220E-08
6.30913235732840E-08
6.30556000342611E-08
6.29241895031226E-08
6.26844399516804E-08
6.21633203923414E-08
6.09714344609458E-08
5.94945392056347E-08
6.23978464474587E-08
6.27661319129197E-08
6.23838702579652E-08
6.26924169815320E-08
6.28438632254802E-08
6.28246776311163E-08
6.17302383819992E-08
6.30751593292464E-08
6.28316728507557E-08
6.27957702790128E-08
6.18890862019663E-08
6.08801054490244E-08
6.07348240580558E-08
6.17999423154663E-08
6.14469282658238E-08
6.14509498719179E-08
6.13642012951735E-08
6.06509089719674E-08
5.81614711506950E-08
5.46839281953897E-08
4.96268747470094E-08
4.40783395908077E-08
3.88584769612920E-08
2.74604079178853E-08
1.74388010487419E-08
9.30402191684189E-09
8.41128157144445E-09
8.27767973997745E-09
6.29299991406189E-09
3.21409553579541E-09
1.84484339668610E-09
1.67054607816604E-09
1.92073886189774E-09
3.94982359191257E-09
7.46928446794207E-09
9.36250501514829E-09
9.60210367719646E-09
1.20582515061258E-08
2.19506442902149E-08
3.24789616523903E-08
3.18154146570137E-08
2.66208418340883E-08
2.38212090640743E-08
2.13374034704704E-08
1.44538337889475E-08
9.00471487285895E-09
5.66417141242921E-09
3.88525195614378E-09
3.67230094690088E-09
3.01563711243487E-09
4.25046762200809E-09
6.09705408410720E-09
8.19969145628737E-09
1.27012808292853E-08
1.82479440782647E-08
2.48370285265130E-08
2.72586771104795E-08
3.45038512060087E-08
3.69460045582199E-08
3.63651951812499E-08
3.81105813301070E-08
3.74006305024052E-08
4.07943422474421E-08
5.06662845312190E-08
5.86223774898696E-08
5.89378881231308E-08
6.02577165045671E-08
6.12065794317412E-08
6.29386685517088E-08
6.32485530134602E-08
6.37989731398135E-08
6.37857373058356E-08
6.39605118734174E-08
6.39478390642926E-08
6.38430331595240E-08
6.35821837133840E-08
6.36035167504036E-08
6.35821417556826E-08
6.21828448149352E-08
6.13146932262704E-08
6.26355635045139E-08
6.32629987333818E-08
6.33412952478460E-08
6.35432189815127E-08
6.36713010398674E-08
6.37207606199175E-08
6.37380367034588E-08
6.37380367034588E-08
6.39362676052462E-08
6.30240140787522E-08
6.28575845021465E-08
6.28575845021465E-08
6.28575845021465E-08
6.28575845021465E-08
6.31119431710492E-08
6.35323593388284E-08
6.46794195620461E-08
4.00396406812666E-08
2.50090858183552E-08
2.50090858183552E-08
2.48819064839039E-08
2.50675600501285E-08
5.53126308239183E-08
6.43652576313877E-08
6.45975019396222E-08
6.48244612399585E-08
6.48112487202128E-08
6.49513040419787E-08
6.48824167795442E-08
6.39768737936442E-08
6.41836590790872E-08
6.44469134140053E-08
6.48900858557009E-08
6.49659276467209E-08
6.47503100276420E-08
6.47384630727450E-08
6.47424905370842E-08
6.49701637912503E-08
6.49915672855420E-08
6.49971813843170E-08
6.52188743202241E-08
6.49998380193033E-08
6.48806709829224E-08
6.49830641219483E-08
6.49537215972326E-08
6.50072247122132E-08
6.46164317107560E-08
6.42377118003731E-08
6.25201741258180E-08
5.90554365818070E-08
5.71860412799166E-08
5.49993056327404E-08
5.28068360302612E-08
5.37078202723241E-08
5.82870339261612E-08
6.02898503643236E-08
6.17264725595525E-08
6.32900338220182E-08
6.35299713914618E-08
6.34525948985571E-08
6.14776571363253E-08
6.34363577035351E-08
6.11263307362637E-08
6.15607753427495E-08
6.35233704554671E-08
6.25514751647850E-08
6.30827334859994E-08
6.35550634031145E-08
6.37486584143101E-08
6.24299651866097E-08
5.81438628888236E-08
5.44650096926947E-08
5.25965315228239E-08
5.31463961450441E-08
4.70965998908159E-08
4.48561009909107E-08
4.51188729705938E-08
3.83500733166785E-08
3.02239337109018E-08
2.60698810075456E-08
2.29088859511285E-08
1.82783710908127E-08
2.09985454742791E-08
2.49018569750804E-08
2.99302848212802E-08
3.48404852461135E-08
3.49363017529453E-08
3.27501712070718E-08
3.36686280609659E-08
3.93684176035889E-08
5.01996069102201E-08
5.81747656858721E-08
6.12114668310449E-08
5.97231735286588E-08
5.56499101418040E-08
5.45343994975599E-08
5.60184918444698E-08
5.32361982924628E-08
5.11011478043156E-08
5.47834518630517E-08
5.38515032332012E-08
5.77372526651855E-08
5.77573539665906E-08
5.55718350531714E-08
5.58143373860685E-08
6.00379069548762E-08
5.94300375521452E-08
5.86939522222426E-08
5.94163703850806E-08
5.78622208287744E-08
5.72976175347949E-08
5.81339219218857E-08
5.84772914397088E-08
5.86400988000383E-08
5.98718169189897E-08
5.96599608474217E-08
5.98779068814306E-08
5.89281571821962E-08
5.98257280465041E-08
5.70942020860961E-08
5.63321639387561E-08
5.73051510400769E-08
5.68645179101347E-08
5.56725365051771E-08
5.38170821641442E-08
5.21289243804087E-08
5.04951099344151E-08
4.96650937401129E-08
4.96438795304702E-08
5.08763813480345E-08
5.29785051737829E-08
5.42878729856908E-08
5.81768507857167E-08
6.12349931079470E-08
6.17436821045126E-08
6.17841442117474E-08
6.12411082845915E-08
6.09834327406469E-08
6.03605005627050E-08
5.98523285562693E-08
5.92424277674680E-08
5.68216617993745E-08
4.77195365020244E-08
4.61884375964507E-08
4.65366151897723E-08
5.21706475540663E-08
5.26972947634823E-08
5.18033557736386E-08
5.03960305038122E-08
5.40521066450877E-08
5.54121068339647E-08
5.55963381924436E-08
5.78430720463560E-08
5.90682668510602E-08
6.18091000983670E-08
6.31786160168367E-08
6.37037776069621E-08
6.36800016025713E-08
6.36931114051143E-08
6.33591270730167E-08
6.35754174402962E-08
6.34482381058449E-08
6.32344913252544E-08
6.32239222594435E-08
6.26541103126657E-08
5.67390504103167E-08
3.12147444041840E-08
8.56047876385074E-09
2.97603442558896E-09
2.41914806329543E-09
1.79134269625252E-09
2.52966322373909E-09
3.96750939636600E-09
5.39930613927484E-09
8.72801190716807E-09
1.38294934947144E-08
2.04712156209782E-08
2.46114628947689E-08
2.84053500166142E-08
3.22394410079171E-08
4.22738809962707E-08
5.54717323296478E-08
6.02834191591057E-08
6.10654186828750E-08
5.98561414425904E-08
5.96712083613473E-08
6.13008718844446E-08
5.80300823900618E-08
5.51902742897436E-08
5.54994054524244E-08
4.96941799666056E-08
5.18733947353930E-08
5.58779194534086E-08
5.44498449523528E-08
5.36884500640741E-08
5.21213997416599E-08
5.28555641609115E-08
5.48030041518924E-08
5.20648052940737E-08
4.97023503977109E-08
5.05752505294374E-08
5.17239384739721E-08
4.79582607418262E-08
4.43779541926582E-08
4.02870517881453E-08
3.66856671147850E-08
2.89129712688452E-08
1.47288758234049E-08
8.77906793817282E-09
8.09913863745970E-09
9.72549237082499E-09
1.52390124002507E-08
1.98457888993586E-08
2.28025550422458E-08
2.10483155413193E-08
2.62726776197319E-08
2.76603012946329E-08
3.27928555683354E-08
3.39126787517918E-08
3.70979586882685E-08
4.67980197046352E-08
4.91811705934460E-08
4.69841948130045E-08
4.30663672141750E-08
3.71806969795815E-08
3.20723768408695E-08
3.42859920956906E-08
3.63337991832966E-08
3.12492158224827E-08
2.49484099551591E-08
2.20256737643032E-08
2.43086083667174E-08
2.63430147186624E-08
2.61314602675516E-08
2.72291076975145E-08
2.53647380574285E-08
2.10684303008550E-08
1.59526957613171E-08
1.30000655790516E-08
7.89895266511919E-09
5.43941255603366E-09
5.22049809077779E-09
5.92256197893765E-09
7.84475067733158E-09
9.24061927804925E-09
9.64876004738456E-09
9.53436752034108E-09
9.35718331405268E-09
8.96890516221738E-09
8.10181363883604E-09
9.01708447821718E-09
9.98280351609143E-09
8.85263483012355E-09
8.18097689649552E-09
7.87119273740008E-09
8.32314368020907E-09
8.66131562840021E-09
8.61160604378236E-09
9.93961874986471E-09
1.00150816549248E-08
9.73069789658707E-09
1.06674328710132E-08
9.43091245564305E-09
1.11771888598413E-08
1.05517936064978E-08
1.37737775463963E-08
1.85624059273225E-08
1.53066640875451E-08
1.85675291605741E-08
2.59760339793834E-08
3.45841582464408E-08
4.34784558865478E-08
4.67412370807167E-08
5.39163070613061E-08
5.96205125332507E-08
6.14350942148992E-08
6.17987822246060E-08
6.16027246525844E-08
6.16085692020550E-08
6.18139086092755E-08
6.20385780878507E-08
6.20385780878507E-08
6.22523248684412E-08
6.23795042028925E-08
6.23795042028925E-08
6.25066835373438E-08
6.25932509834829E-08
6.24660716490316E-08
6.22523248684412E-08
6.23795042028925E-08
4.91239501052890E-08
2.92530281469793E-08
2.93802074814306E-08
2.93800570670294E-08
6.26337124573940E-08
6.26285970219416E-08
6.26227295144834E-08
6.25013177806617E-08
6.22918380983011E-08
6.15437865111317E-08
5.75079966952745E-08
5.56971096267286E-08
4.58443320772131E-08
2.92375119515143E-08
2.05103695583331E-08
1.73761439112207E-08
1.85916817551261E-08
2.06684943996063E-08
2.12855131145321E-08
2.18261734045528E-08
1.86212315350534E-08
2.21003701496585E-08
2.17036599248253E-08
2.07484717158380E-08
1.99970852038985E-08
1.88999117376302E-08
1.73609988039165E-08
1.64510090933254E-08
1.65696836808735E-08
1.80507892331866E-08
2.06894606234007E-08
2.35558842749244E-08
3.15543267644652E-08
4.40547941162780E-08
5.89310566176921E-08
6.00416599129332E-08
6.02247060850965E-08
6.06768173775737E-08
6.06965479074799E-08
6.09781201435808E-08
6.11385933099007E-08
6.11975644633561E-08
6.13877396052277E-08
5.99703134146226E-08
5.01692200741503E-08
5.53470808279561E-08
5.14441984040255E-08
4.39140749920102E-08
3.41251474057999E-08
2.61555332216364E-08
2.02620158281519E-08
1.29326588297347E-08
6.51170304708415E-09
4.16780176710401E-09
3.49670531460242E-09
3.26858350885891E-09
3.53113655642288E-09
3.80798233662936E-09
4.31893601991802E-09
5.00332419722243E-09
5.24460005900894E-09
5.30869895814801E-09
4.81312546403948E-09
4.01920975516596E-09
2.60197914286510E-09
1.81476779967849E-09
1.38204132148130E-09
1.26164334114061E-09
5.95071037163905E-10
1.28932058052179E-09
2.03653182618155E-09
2.45053796550726E-09
2.77090769641506E-09
3.69571603589436E-09
3.58419626558193E-09
2.73278821431276E-09
2.39446719753350E-09
1.93752605905248E-09
1.56622343903525E-09
1.15378980310815E-09
1.28524846685513E-09
1.59976620673773E-09
1.56029568665115E-09
1.18921801532913E-09
8.45574347468523E-10
7.02116572782993E-10
3.96262187831407E-10
2.94050416907158E-10
2.99852929510920E-10
4.51802665875621E-10
7.98101741657697E-10
1.00702742402923E-09
4.19481591647252E-09
7.80109871605829E-09
1.19591474946431E-08
1.36174099807388E-08
1.63988414207307E-08
2.26979701278987E-08
3.00644568024931E-08
3.43239310013460E-08
3.73700423089516E-08
4.18027789356619E-08
5.07921111652111E-08
5.48931059406314E-08
5.77036857520133E-08
5.94004266564717E-08
6.09041821238865E-08
6.27269968961132E-08
6.25915183679126E-08
6.19983110443445E-08
6.05163087055385E-08
6.06412179700145E-08
6.15120845782029E-08
6.22516623325868E-08
6.21337354629434E-08
6.19834822426928E-08
5.52334127441678E-08
5.58604244377482E-08
6.06937427184811E-08
6.22351736684356E-08
6.27842558982734E-08
6.28802828269357E-08
6.27762451043469E-08
6.25605503780960E-08
6.25550083199027E-08
6.29109839895212E-08
6.29130763330068E-08
6.30213143777479E-08
6.27512728700569E-08
6.27418268456643E-08
6.22700344225369E-08
6.17976070131401E-08
6.14679733780134E-08
6.11295434295414E-08
5.92504915626795E-08
5.55326331415391E-08
5.11494065232861E-08
4.10058453597429E-08
3.27636962325273E-08
2.76804935967507E-08
2.45571838789748E-08
2.44844506786339E-08
2.43556889055169E-08
2.41457877461711E-08
2.41416408211312E-08
2.40959036016823E-08
2.38851647528704E-08
2.35483093660994E-08
2.25178181663100E-08
2.11925181443698E-08
2.38101330225660E-08
2.83450948387485E-08
2.89385540668558E-08
3.07499242427085E-08
2.47624166107188E-08
2.20091489611130E-08
1.87750498141078E-08
1.48648208341628E-08
1.15797997624663E-08
6.76690878656175E-09
3.63707207334418E-09
2.27424737909271E-09
2.03713763997357E-09
3.70032964140519E-09
5.56105038644999E-09
1.14435849161894E-08
1.52933618733169E-08
1.78563402640199E-08
2.04172990643081E-08
2.36791686680404E-08
2.27582200808431E-08
2.13464996230494E-08
2.23158350981203E-08
2.68331047370286E-08
3.08486308435102E-08
3.15800386813643E-08
2.95213547721662E-08
2.73256312707798E-08
2.31192942445025E-08
2.06940281150228E-08
2.17768627743426E-08
2.46722694997458E-08
2.42170083713775E-08
2.18160419259010E-08
1.82713511715453E-08
1.37183825744939E-08
8.98326894587305E-09
6.31516763225967E-09
4.14831486894495E-09
2.31930535877213E-09
1.46170055083723E-09
5.57106125650162E-10
3.26006827253021E-10
4.59785791468779E-10
7.01674021948605E-09
4.42509795009580E-09
1.21964425997203E-08
1.80484181084833E-08
2.11235160919976E-08
3.02543589818094E-08
4.11110935620163E-08
4.85128074081098E-08
5.15303014654924E-08
5.50785401789096E-08
5.76243869234791E-08
6.09315214058580E-08
6.11060126006246E-08
6.09784023684966E-08
6.08855036635509E-08
6.05267237153365E-08
6.05972439635919E-08
6.08817691114666E-08
6.20007572575001E-08
6.16965005901507E-08
6.23140163059242E-08
6.26620885299995E-08
6.21351333668885E-08
6.24258916875472E-08
6.30080973851528E-08
6.33039228107419E-08
6.29569764384592E-08
6.32591420685534E-08
6.33000102550886E-08
6.33502973518415E-08
6.36256334860359E-08
6.36683998627310E-08
6.41764264817732E-08
6.41796423812526E-08
6.39817314663123E-08
6.39754500817545E-08
6.41124282019519E-08
6.43345113444819E-08
6.44647702950486E-08
6.45436030368529E-08
6.43270774689493E-08
6.43108559882739E-08
6.42787138557254E-08
6.42770021002575E-08
6.43587674083088E-08
6.42817249937055E-08
6.43239303246843E-08
6.44647319789591E-08
6.46363352172235E-08
6.46737259415522E-08
6.45819247471594E-08
6.47063767914385E-08
6.42790336446587E-08
6.41572382353659E-08
6.39488047247480E-08
6.37350579441576E-08
6.35239677985534E-08
6.35241182129545E-08
6.36106856590937E-08
6.36106856590937E-08
6.36106856590937E-08
6.36106856590937E-08
6.34835063246423E-08
6.32697595440518E-08
6.32655083580823E-08
6.32458752412923E-08
6.30875475384912E-08
6.32899180425121E-08
6.30856703271820E-08
6.27868374843900E-08
6.25994407340042E-08
6.27806898894839E-08
6.29334867755889E-08
6.31004515108008E-08
6.32333072076727E-08
6.32113341573762E-08
6.30034757047636E-08
6.28891294103570E-08
6.14498012996340E-08
4.91977851702840E-08
4.71714394469315E-08
5.06393188311208E-08
5.03212433552406E-08
4.82529186745831E-08
4.61275847192541E-08
4.43510050777269E-08
4.14639564451857E-08
3.77438685263756E-08
3.21102802012269E-08
2.77663618930036E-08
1.67061843936781E-08
1.87276655173835E-08
2.31673513290101E-08
2.72935948637222E-08
3.07567517502907E-08
3.58370957999561E-08
3.84246491725992E-08
3.89902062917956E-08
3.81914454975644E-08
3.45974422130271E-08
2.80948450954580E-08
2.22096319623131E-08
1.86313385119909E-08
1.53029642891039E-08
1.37929006792010E-08
1.31461252457980E-08
1.44136568753337E-08
1.68604295725527E-08
1.81420872518249E-08
1.54424791877596E-08
1.33240296995715E-08
1.20549039148798E-08
1.08378450251342E-08
1.05188621545878E-08
1.30098537566242E-08
1.67065229448289E-08
1.96165793599983E-08
2.13376727914140E-08
2.03682833254897E-08
1.92083549127566E-08
2.09564910326943E-08
2.20871003932748E-08
2.29361597632526E-08
2.19090879182116E-08
2.09838372416447E-08
2.02657829568289E-08
2.23357653229353E-08
2.48839077079285E-08
2.94540676418810E-08
3.39583013396339E-08
4.20387272381077E-08
4.62552679419493E-08
4.94838656822322E-08
5.28614264830311E-08
5.61493435861082E-08
5.90718509095779E-08
6.11971200283834E-08
6.13101093078125E-08
6.13235759091480E-08
6.02754127192804E-08
5.92181933949812E-08
5.89964769073454E-08
5.81532126084168E-08
5.64238926967399E-08
5.32774971391782E-08
4.69987172838534E-08
3.67597671862051E-08
2.67348785914903E-08
1.81032888070323E-08
1.03017085273938E-08
2.95218222442919E-09
2.14934262704867E-10
2.19104699890615E-10
2.44995831590449E-09
1.21887021558886E-08
3.21557524934160E-08
4.61052836468149E-08
5.19750534958966E-08
4.84829996279017E-08
4.01793579268746E-08
3.97134184447580E-08
4.34515222088839E-08
5.94557949891921E-08
5.12031845799589E-08
3.22293238186334E-08
2.59049286586902E-08
2.98080422458058E-08
6.07289753128150E-08
6.24764383678902E-08
6.11551871849672E-08
5.77774647678525E-08
4.98737817281478E-08
3.77564324038077E-08
2.54114221751154E-08
1.16785382669542E-08
4.08529376815565E-09
2.71226337762026E-09
2.18203333675142E-09
1.61774963379176E-09
1.08770602761489E-09
1.27536236159092E-09
1.61584819784746E-09
1.66060610079658E-09
1.14414127343230E-09
5.06160688813060E-10
3.58334602838797E-10
4.03242445196220E-10
8.74593679135385E-10
2.07099429878163E-09
2.08542687723447E-09
1.03904732508547E-09
8.47721156800398E-10
1.36470123265410E-09
2.47760064331151E-09
3.25308797558273E-09
3.53425789274330E-09
2.52282134762334E-09
1.28115292020807E-09
6.65449143810178E-10
3.30124381901938E-10
5.88330334524299E-10
1.07843626515079E-09
1.88765656017649E-09
3.71758438985109E-09
6.59556853600296E-09
9.76324705842171E-09
1.10446242148357E-08
1.01098740375984E-08
9.65635470799541E-09
1.00736875388818E-08
6.73931257304354E-09
4.33760482206574E-09
3.85262153094978E-09
4.35088403872361E-09
5.56873003119744E-09
7.31535496139630E-09
8.26309021597186E-09
9.38173260679629E-09
9.81683060552421E-09
9.94116247661342E-09
9.15489969413975E-09
7.96790832652331E-09
7.40817525293973E-09
6.93169069215103E-09
6.05007214590606E-09
4.97560310016848E-09
4.62428295417939E-09
4.92505107615588E-09
5.35984543570708E-09
6.63892849542426E-09
9.24556328066703E-09
1.27458171084892E-08
1.40854204316627E-08
1.26572852106882E-08
7.67109804285134E-09
6.65189481054502E-09
6.21623295572652E-09
6.16750027306137E-09
6.41652413898239E-09
5.51104693959150E-09
4.70864101067923E-09
4.38403988517048E-09
3.50259534463800E-09
2.45610112129950E-09
1.76232193960712E-09
9.81034707192782E-10
3.78529517417194E-10
2.15756633651825E-10
5.73130325963659E-10
1.15630219860031E-09
1.89468122937238E-09
2.05020964100248E-09
2.34644229379126E-09
2.42810088678320E-09
2.83909042571098E-09
3.03358238173030E-09
2.88880468109189E-09
2.62230198884996E-09
1.00826929282445E-09
1.00741485986041E-09
1.42724286774834E-09
1.78627923293402E-09
1.44903177915163E-09
1.78270653466192E-09
3.58173224019456E-09
7.49594086853228E-09
1.13355000170583E-08
1.53463502939663E-08
2.15301281760244E-08
3.13690294428749E-08
4.01574553734329E-08
4.92220214823251E-08
5.07436903549319E-08
5.50999669082679E-08
5.51418972975544E-08
5.63819361828469E-08
5.68852635393350E-08
5.60486083700277E-08
5.73869454414400E-08
5.85896324726515E-08
5.82481993027469E-08
5.76183999949030E-08
5.43793936572255E-08
5.50294736158565E-08
5.38299567660630E-08
5.44336148822235E-08
5.42470875666590E-08
5.29474046213797E-08
5.14853275595467E-08
5.06855417307544E-08
4.91919634600527E-08
4.97994363625056E-08
5.18843850802754E-08
5.22203556741229E-08
4.98059740057037E-08
4.71265994098028E-08
4.82322143697604E-08
4.89315320867825E-08
4.92701960483964E-08
4.86081126247258E-08
4.60774446327870E-08
4.50407424661292E-08
4.52525410239800E-08
4.32633686761465E-08
4.35120687552778E-08
4.51031675300626E-08
4.90884614898111E-08
4.77710324951524E-08
4.55872059416601E-08
4.63826660106061E-08
4.91649016134859E-08
4.85890934361888E-08
4.61220237009297E-08
4.37815669899015E-08
4.51677798173024E-08
4.61332875229430E-08
4.64282707862165E-08
4.47675157751628E-08
4.27626111892850E-08
4.04992222258117E-08
4.01983807966060E-08
4.17832277947205E-08
4.18465383244838E-08
4.16383159481858E-08
4.24082262311241E-08
4.40239045794465E-08
4.53586040764805E-08
4.60110880530693E-08
4.36869268820177E-08
4.15879855479185E-08
3.72249324299830E-08
3.57220847530619E-08
3.42090791166379E-08
3.47446487499996E-08
3.55852068959377E-08
3.69999858722480E-08
3.88360055643349E-08
3.68519860180576E-08
3.40875267057683E-08
3.07537354665546E-08
2.85396550749894E-08
2.59466004143722E-08
2.47771696114289E-08
2.35171690726280E-08
1.83624905821558E-08
1.45515661398398E-08
1.48391340918845E-08
1.68072379737135E-08
1.91664991765124E-08
1.94477247074186E-08
1.69234971434754E-08
1.40283661514191E-08
1.08628607608524E-08
7.86960353008643E-09
4.79317655617246E-09
3.85281746549866E-09
3.53133462843956E-09
3.34389659325890E-09
3.52595755109465E-09
3.58774596628374E-09
3.43411420108674E-09
3.76468052424892E-09
5.36289409812209E-09
6.29364210438937E-09
6.49478027905472E-09
7.47473425877516E-09
9.40964389890228E-09
1.24011016984376E-08
1.54641848962494E-08
1.87570530080887E-08
2.44696464182792E-08
2.82006800722269E-08
3.80423940883791E-08
5.08510750750256E-08
5.22435029858996E-08
5.55046205967916E-08
5.94590312341984E-08
5.95685630407031E-08
5.66381880940672E-08
5.61813432999684E-08
5.61680868829672E-08
5.55579167732223E-08
5.20661410927042E-08
5.06250587542364E-08
4.76478133739699E-08
4.34057006386222E-08
3.96566548997187E-08
3.62966971358699E-08
3.30666034056192E-08
3.00870987614646E-08
2.52184373318130E-08
2.04803266962490E-08
1.98486232608347E-08
1.94143302958150E-08
1.99855033741749E-08
2.18318163195604E-08
2.41884739282407E-08
2.69853268026248E-08
3.18259627439739E-08
3.71989405048013E-08
4.22455335024014E-08
4.61377741074503E-08
4.51638426807694E-08
4.16781224861281E-08
4.34475716933858E-08
4.90176780559365E-08
5.22838585364060E-08
5.37004502041638E-08
5.34393005625454E-08
5.63604730769531E-08
5.78789480184996E-08
5.79246534925932E-08
5.82542782611869E-08
5.90489649626146E-08
5.98851482265296E-08
6.00630707300313E-08
6.05916375438679E-08
6.16986983820480E-08
6.19667645528245E-08
6.17581453200039E-08
6.18948203947657E-08
6.19393539823435E-08
6.20216531427706E-08
6.19752395335094E-08
5.88570617571874E-08
5.90609453113357E-08
6.19281850005684E-08
6.18294126132575E-08
6.16202281389505E-08
6.16836396838590E-08
6.02057706932141E-08
4.75106369046766E-08
3.17314458175682E-08
3.28187519407897E-08
4.26669211097157E-08
4.87705538447366E-08
4.85314571313782E-08
5.52937312148303E-08
5.83998528414896E-08
5.90258818936203E-08
5.86788199793279E-08
5.81608384602244E-08
5.43960936140276E-08
5.09498983657364E-08
5.77152567756497E-08
5.58172925540584E-08
4.80627879445427E-08
4.55094591522494E-08
4.77221258859403E-08
4.27975097449002E-08
4.59595611458235E-08
5.03418780736115E-08
5.68125486262186E-08
6.03384338200697E-08
6.07508594207012E-08
5.73919432369975E-08
4.58622001205884E-08
3.93994237115813E-08
3.07015825979037E-08
2.48416134345394E-08
2.38772963380495E-08
2.62574528323778E-08
3.21099663497041E-08
4.17254786395262E-08
4.37640225354024E-08
4.35335801521110E-08
4.27863738938761E-08
3.80231662988174E-08
2.79081427450299E-08
2.00504776059633E-08
1.51358948179696E-08
1.19118653213807E-08
9.09727629330141E-09
7.38868677147114E-09
4.01689016718644E-09
3.87179849627698E-09
3.42467605365883E-09
1.59070623278051E-09
8.80240275337530E-10
1.11997015415933E-09
1.94345412809846E-09
3.87936596354738E-09
7.17708640438515E-09
1.17208604461730E-08
1.63169177421481E-08
1.94577496689248E-08
1.95256677876229E-08
1.97060156837604E-08
2.90034741890424E-08
3.82520202268672E-08
4.63094450717780E-08
4.83975490878566E-08
4.97638683044743E-08
5.17364479647234E-08
5.13028376040057E-08
5.14721467455734E-08
5.20493604267011E-08
5.12239188884964E-08
4.87539127870474E-08
4.41900923055282E-08
3.91895360499489E-08
3.06796008789877E-08
1.84259088165468E-08
1.44794383574634E-08
1.43090310720192E-08
1.43946248224073E-08
1.64904685698283E-08
2.09328219808593E-08
2.86353614230636E-08
3.55748478165474E-08
3.75734123166682E-08
3.86502277083156E-08
3.88105752786105E-08
3.93378374850136E-08
4.01944776616443E-08
4.11629661453056E-08
4.25538278464362E-08
4.52694195780922E-08
4.81789280890140E-08
5.08653401393348E-08
5.14954997688350E-08
4.98004747364492E-08
4.37721547691664E-08
3.65076925204013E-08
3.36148793351013E-08
2.78963543725839E-08
2.02557247458235E-08
1.43936622889880E-08
8.99100578767567E-09
4.56859645541784E-09
2.74081032890201E-09
1.61207410260876E-09
5.21115046906966E-10
2.97333567457028E-10
4.67266770458498E-10
7.38275363583482E-10
2.19421599284212E-09
4.03261642823744E-09
6.43867685532280E-09
1.03420572300867E-08
1.42370373563736E-08
1.72926061673655E-08
2.04469956566076E-08
2.18036623061102E-08
2.00116623385074E-08
1.75406901807757E-08
1.49323516753607E-08
1.89445521194328E-08
2.51590338557024E-08
2.94537969751243E-08
2.50889205971504E-08
2.66413367462315E-08
2.94449537958184E-08
2.51291456433725E-08
2.38310837695102E-08
2.59926471708256E-08
2.92206407597914E-08
3.57227956590211E-08
3.66425124314385E-08
3.76046698146243E-08
3.61008377150303E-08
3.62141353835644E-08
3.77615369935901E-08
3.49701362454205E-08
3.16568489827969E-08
3.16501547502907E-08
3.45329108724847E-08
3.61752698856151E-08
3.60413476714737E-08
3.74802247369068E-08
4.71446084864705E-08
5.09704387188619E-08
5.39588690327466E-08
5.49998424538216E-08
5.58860470559923E-08
5.56143140987776E-08
5.49985837227804E-08
5.37357525432807E-08
5.31311381873563E-08
5.07407471409286E-08
4.92489805721062E-08
5.12871029118317E-08
5.28773863218140E-08
5.35660834363015E-08
5.43393791515824E-08
5.61470254626899E-08
5.66916356348849E-08
5.69921998265995E-08
5.75269376287401E-08
5.83431039420630E-08
5.96548371787600E-08
5.99588803368253E-08
5.94361074857211E-08
5.77545917248615E-08
5.51846543327236E-08
5.61890880979012E-08
5.67542304295951E-08
5.64938108519806E-08
5.71562900238572E-08
5.75224971581216E-08
5.68070819335568E-08
5.63493310906046E-08
5.71537938177046E-08
5.88713818415012E-08
6.04876931969560E-08
6.15021674796556E-08
6.18701615370057E-08
6.18708185708596E-08
6.20089903084956E-08
6.22326352275024E-08
6.23998419715692E-08
6.23591417345877E-08
6.22462231103445E-08
6.20278228248442E-08
6.17983468936629E-08
6.12223319757297E-08
6.11557506848133E-08
6.07311175305494E-08
5.97649640325523E-08
5.90342720880823E-08
5.89030641018096E-08
5.83301999301705E-08
5.84273176799032E-08
5.80473794524537E-08
5.71230507370004E-08
5.71118941050392E-08
5.79488718736543E-08
5.88235343871696E-08
5.91984414903969E-08
5.97457598343019E-08
6.04952210023238E-08
6.07974798497639E-08
6.11936065458861E-08
6.12626713368966E-08
6.16357403365590E-08
6.17680748871135E-08
6.19320395675117E-08
6.18851576548873E-08
6.18984877353624E-08
6.19879176071382E-08
6.19640338981197E-08
6.18854284008093E-08
6.14297171771369E-08
6.09638865871303E-08
6.06211885112774E-08
6.07167802277449E-08
5.95931594764867E-08
5.78385144108355E-08
5.60054749821938E-08
4.98989816819248E-08
4.35392340711195E-08
3.98774030748556E-08
3.65041104014377E-08
3.41116463674830E-08
3.85123106855931E-08
4.16116874534254E-08
4.08129489838579E-08
3.91202587788055E-08
3.03252627472049E-08
3.17367853308956E-08
3.00539990829217E-08
3.39902089840475E-08
4.15822114161373E-08
4.84496704486489E-08
5.24139524269589E-08
5.49596433342924E-08
5.83920336675937E-08
6.01698238283883E-08
6.10216165051144E-08
6.17461387675108E-08
6.21434930826428E-08
6.23216245434138E-08
6.23318107649911E-08
6.22388198718506E-08
6.22519106746796E-08
6.22468007016450E-08
6.24660184498329E-08
6.25804920819049E-08
6.25320261868881E-08
6.25814681922029E-08
6.26154533365758E-08
6.23153374193592E-08
6.20908415506693E-08
6.21927902151397E-08
6.09342444210945E-08
5.64665263129345E-08
5.60766084857957E-08
6.24807479779798E-08
6.28881312920571E-08
6.26691842897913E-08
6.26258174429737E-08
6.24920547076802E-08
6.22589063693119E-08
6.22048564584004E-08
6.27030812042430E-08
6.27423191757489E-08
6.28095164136380E-08
6.23440534680940E-08
6.20032317327301E-08
6.22195503620839E-08
6.24332971426744E-08
6.24332971426744E-08
6.25604764771257E-08
6.26876558115771E-08
6.24739090309866E-08
6.24739090309866E-08
6.23467296965353E-08
6.23467296965353E-08
6.23467296965353E-08
6.14883463753262E-08
6.18251875518945E-08
6.18251875518945E-08
6.18251875518945E-08
6.15544416298132E-08
6.15492696702122E-08
6.15492696702122E-08
6.15518556500127E-08
6.17641034719302E-08
6.20348493940115E-08
6.22445112361285E-08
6.20348493940115E-08
6.21594286176251E-08
6.28988024813299E-08
6.31045684321260E-08
6.32078923196331E-08
6.32292574978352E-08
6.32258411117921E-08
6.32907699025982E-08
6.32225452551836E-08
6.29761664660896E-08
6.31922882109089E-08
6.38791753651576E-08
6.36698222683903E-08
6.37970016028417E-08
6.40107483834322E-08
6.37511894928542E-08
6.35887807702705E-08
6.30972130491613E-08
6.05686201030518E-08
6.19888501368427E-08
6.27782967963615E-08
6.21352571816902E-08
6.15167015482465E-08
6.30488789646591E-08
5.45909277628096E-08
4.00038974696235E-08
3.18360392422038E-08
3.04036080671840E-08
3.25565131405760E-08
3.27099643293261E-08
3.37336149988128E-08
3.46383419074211E-08
3.43475324062832E-08
3.54468879105195E-08
3.59900533523913E-08
3.36036978847640E-08
3.33590040536249E-08
3.92184119337764E-08
5.01982116583184E-08
6.34838647859099E-08
6.43685775938831E-08
6.43973064278420E-08
6.41289573196605E-08
6.40692751019149E-08
6.41844627669823E-08
6.42208643187097E-08
6.42260645403851E-08
6.42234644295474E-08
6.39641033734897E-08
6.39409567346195E-08
6.36801904122275E-08
6.39067964366348E-08
6.39402304705583E-08
6.38209786479544E-08
6.38388826720378E-08
6.37194471459508E-08
6.35184182988055E-08
6.35184182988055E-08
6.35184182988055E-08
6.35184182988055E-08
6.35184182988055E-08
6.35184182988055E-08
6.35184182988055E-08
6.33887095087023E-08
6.33811211417467E-08
6.33760622304429E-08
6.35898090110334E-08
6.35872795553816E-08
6.35669235786457E-08
6.35819799810359E-08
6.35560837669127E-08
6.33015047013295E-08
6.31391240824893E-08
6.27021034314700E-08
6.17961188605544E-08
6.07456899152298E-08
5.93440655887037E-08
5.68689677618619E-08
5.34291032578017E-08
4.64717780725854E-08
4.26629462112515E-08
3.34810134076120E-08
3.48193552289528E-08
3.42487473920792E-08
3.87434579978504E-08
5.15811687264236E-08
5.93489137219321E-08
6.09406857594931E-08
6.21318181147387E-08
6.25437893847133E-08
6.27052816086010E-08
6.27411772929477E-08
6.27067779152306E-08
6.30104190710174E-08
6.30538998369525E-08
6.31790004443798E-08
6.29565754653319E-08
6.30002758362927E-08
6.29029831704446E-08
6.29099650902843E-08
6.29399049580863E-08
6.29524221278886E-08
6.27826417142525E-08
6.20834546202630E-08
6.18114906581942E-08
5.96940436028244E-08
5.56436569401551E-08
5.22437205326230E-08
4.86969015728218E-08
4.53479421891509E-08
4.28659540369232E-08
4.02916053862267E-08
3.63655466759557E-08
3.26383220688035E-08
2.38647710537860E-08
1.73458794649742E-08
1.06667463084375E-08
6.65308557802657E-09
4.38256360740588E-09
4.16744615579347E-09
6.08576097086840E-09
8.09855154630233E-09
1.06179319270029E-08
1.87553651210112E-08
3.04113682628016E-08
4.16581030418234E-08
4.93346088386410E-08
5.45427519300906E-08
5.88589103501776E-08
6.16867815636200E-08
6.24051743995866E-08
6.26048436192938E-08
6.27329797080847E-08
6.28831144176203E-08
6.29156299341283E-08
6.30477975246976E-08
6.30503128493123E-08
6.30503128493123E-08
6.33135127975495E-08
6.30030383551009E-08
6.31453802924262E-08
6.30207445446639E-08
6.30207445446639E-08
6.28069977640734E-08
6.26798184296221E-08
6.26798184296221E-08
6.28935652102126E-08
6.31073119908031E-08
6.32344913252544E-08
6.28935652102126E-08
6.35754174402962E-08
6.37891642208867E-08
6.39137858376118E-08
6.39137858376118E-08
6.35754174402962E-08
6.39163435553380E-08
6.40435228897894E-08
6.40435228897894E-08
6.37025967747476E-08
6.37025967747476E-08
6.37025967747476E-08
6.37025967747476E-08
6.37025967747476E-08
6.37025967747476E-08
6.37000390570214E-08
6.37025967747476E-08
6.39163435553380E-08
6.35728738536072E-08
6.35754174402962E-08
6.35754174402962E-08
6.35754174402962E-08
6.35348055519841E-08
6.35322902273693E-08
6.35296244883535E-08
6.35217776857070E-08
6.34933570429395E-08
6.32579499948414E-08
6.31984624054145E-08
6.27696956259105E-08
6.23344079071235E-08
5.89677067885916E-08
5.69797161833756E-08
5.82362248914363E-08
6.14651799450874E-08
6.27394171277923E-08
6.29229412219239E-08
6.29768987467268E-08
6.30745451634969E-08
6.30665738335594E-08
6.30336824789621E-08
6.28995315161827E-08
6.24990255839363E-08
6.23770577918232E-08
6.19394782721381E-08
6.17525900015936E-08
6.09797161195426E-08
5.95821971165996E-08
5.57959206467909E-08
5.30743161390314E-08
5.02372472037066E-08
5.10922431926016E-08
5.27399898912505E-08
4.79003033022691E-08
4.61472798226105E-08
4.18539692708937E-08
4.82447614641120E-08
6.11085281627357E-08
6.18920260118542E-08
6.10166075472249E-08
6.16549639699334E-08
6.25260865201002E-08
6.26726897369930E-08
6.29602038565151E-08
6.29351633024207E-08
6.28690104550512E-08
6.29177980389727E-08
6.30376550024621E-08
6.29036217587430E-08
6.25654846829432E-08
6.26539847562235E-08
6.25841429956656E-08
6.28758004777813E-08
6.28758004777813E-08
6.28596418149097E-08
6.30749738841229E-08
6.31266174812778E-08
6.30094005280252E-08
6.30192357298894E-08
6.30148420460661E-08
6.30035958779536E-08
6.28803428343652E-08
6.27551831694941E-08
6.26924565642691E-08
6.27405999391437E-08
6.27405999391437E-08
1.271137374644275e-07
